season,name,conference,FG,FGA,FG%,3P,3PA,3P%,2P,2PA,2P%,FT,FTA,FT%,ORB,DRB,TRB,AST,STL,BLK,TOV,PF,PTS,FG_opp,FGA_opp,FG%_opp,3P_opp,3PA_opp,3P%_opp,2P_opp,2PA_opp,2P%_opp,FT_opp,FTA_opp,FT%_opp,ORB_opp,DRB_opp,TRB_opp,AST_opp,STL_opp,BLK_opp,TOV_opp,PF_opp,PTS_opp,Age,W,L,PW,PL,MOV,SOS,SRS,ORtg,DRtg,NRtg,Pace,FTr,3PAr,TS%,Offense Four Factors|eFG%,Offense Four Factors|TOV%,Offense Four Factors|ORB%,Offense Four Factors|FT/FGA,Defense Four Factors|eFG%,Defense Four Factors|TOV%,Defense Four Factors|DRB%,Defense Four Factors|FT/FGA,Rk_Season,Overall,Home,Road,?3,?10,Over500,Champion_Win_Share,Champion_Percent,First_4_Months,Last_4_Months,Playoff,L1YP,L3YP,L6YP,L10YP,count_playoff_games,count_champion,sum_mvp_shares,sum_dpoy_shares,count_all_nba,count_all_defensive,Rk_Conference,Top_3_Conference
2022,Orlando Magic,East,38.3,88.3,0.434,12.2,36.9,0.331,26.1,51.4,0.507,15.5,19.7,0.787,9.1,35.2,44.3,23.7,6.8,4.5,14.5,19.7,104.2,40.8,89,0.458,13.2,36.3,0.363,27.6,52.7,0.524,17.4,22.6,0.772,10.4,36.8,47.1,24.8,8,5.2,13.2,18.3,112.2,23.3,22,60,21,61,-8,0.33,-7.67,104.5,112.5,-8,99.2,0.223,0.417,0.538,0.503,13,19.8,0.175,0.532,11.7,77.2,0.196,29,0.268292683,0.292682927,0.243902439,0.222222222,0.133333333,0.245283019,0,0,0.215686275,0.326086957,0,0,0.125,0.125,0.1875,0,0,0,0,0,0,15,0
2022,Atlanta Hawks,East,41.5,88.3,0.47,12.9,34.4,0.374,28.6,53.9,0.531,18.1,22.3,0.812,10,33.9,44,24.6,7.2,4.2,11.9,18.7,113.9,41.9,89,0.471,12.8,35.2,0.364,29.1,53.7,0.541,15.8,19.9,0.792,10.2,33.6,43.9,25.4,7,4.5,12.8,20.3,112.4,26.1,43,39,45,37,1.56,-0.01,1.55,116.5,114.9,1.6,97.7,0.253,0.39,0.581,0.543,10.8,23,0.205,0.543,11.5,76.9,0.177,16,0.524390244,0.658536585,0.390243902,0.7,0.571428571,0.448979592,0.0625,6.25,0.48,0.574468085,1,0.625,0.625,1,1.9375,271,0,0,0.024,0,0,9,0
2022,Utah Jazz,West,40.6,86.2,0.471,14.5,40.3,0.36,26,45.8,0.568,17.9,23.4,0.767,10.8,35.6,46.3,22.4,7.2,4.9,14,18.9,113.6,40.4,89.2,0.453,12.1,34.6,0.35,28.3,54.6,0.518,14.6,19.3,0.758,9.9,31.7,41.6,23.4,7.8,4.3,12,20.3,107.6,29.3,49,33,56,26,6.04,-0.37,5.67,116.7,110.5,6.2,97.1,0.271,0.468,0.589,0.555,12.7,25.4,0.208,0.521,10.9,78.3,0.164,9,0.597560976,0.707317073,0.487804878,0.142857143,0.772727273,0.543478261,0.125,6.25,0.588235294,0.489361702,1,0.375,0.625,1.1875,1.1875,296,0,0.01,3.803,4,7,5,0
2022,Boston Celtics,East,40.7,87.4,0.466,13.2,37.1,0.356,27.5,50.3,0.547,17,20.9,0.816,10.5,35.5,46.1,24.8,7.2,5.8,13.6,18.5,111.8,38.3,88.1,0.434,11.8,34.9,0.339,26.4,53.2,0.497,16.1,20.6,0.783,10.5,33.3,43.7,21.6,7.5,4.6,13.8,19.4,104.5,26.1,51,31,59,23,7.28,-0.26,7.02,114.4,106.9,7.5,96.6,0.239,0.425,0.578,0.542,12.4,24,0.195,0.502,12.5,77.3,0.183,6,0.62195122,0.682926829,0.56097561,0.25,0.795454545,0.571428571,0.875,50,0.519230769,0.739130435,1,0.0625,1,2.375,3.1875,398,0,0.001,0.107,2,3,2,1
2022,Indiana Pacers,East,41.4,89.5,0.463,12.2,35.4,0.344,29.3,54.1,0.541,16.4,21.4,0.768,11.3,32.6,43.9,25.4,7.1,5.6,14.4,20.4,111.5,42.5,88,0.483,12,32.3,0.372,30.5,55.7,0.547,17.9,22.5,0.797,10.2,33,43.1,25.1,8.1,4.9,13.3,19.2,114.9,26,25,57,32,50,-3.48,0.22,-3.26,112.6,116.1,-3.5,98,0.239,0.395,0.564,0.531,12.7,25.5,0.184,0.552,11.9,76.2,0.204,26,0.304878049,0.390243902,0.219512195,0.176470588,0.424242424,0.188679245,0,0,0.365384615,0.239130435,0,0,0,0.375,2.0625,0,0,0,0,0,0,13,0
2022,Golden State Warriors,West,40.5,86.4,0.469,14.3,39.4,0.364,26.2,47,0.557,15.6,20.3,0.769,9.8,35.7,45.5,27.1,8.8,4.5,14.9,21,111,37.9,86.6,0.438,12.2,36,0.339,25.7,50.6,0.509,17.4,22.9,0.759,9.7,33,42.6,22.9,7.9,3.9,14.5,18,105.5,27.6,53,29,55,27,5.54,-0.02,5.52,112.5,106.9,5.6,98.4,0.235,0.456,0.582,0.552,13.5,22.8,0.181,0.509,13,78.7,0.201,3,0.646341463,0.756097561,0.536585366,0.545454545,0.772727273,0.5625,1,100,0.745098039,0.541666667,1,0,0.875,3.8125,5.375,613,13,2.694,2.484,11,9,3,1
2022,Oklahoma City Thunder,West,38.3,89.1,0.43,12.1,37.4,0.323,26.2,51.8,0.507,15,19.9,0.756,10.4,35.2,45.6,22.2,7.6,4.6,14,18.3,103.7,41.4,90.5,0.458,13.6,38.7,0.353,27.8,51.8,0.536,15.3,19.9,0.771,11,37.3,48.4,26.1,8.5,6,13.2,17.8,111.8,22.4,24,58,21,61,-8.1,0.2,-7.9,104.6,112.8,-8.2,98.5,0.223,0.419,0.53,0.497,12.5,21.8,0.169,0.533,11.8,76.1,0.169,27,0.292682927,0.292682927,0.292682927,0.538461538,0.219512195,0.163265306,0,0,0.306122449,0.234042553,0,0,0.25,1.125,2.875,0,0,0,0,0,0,14,0
2022,Milwaukee Bucks,East,41.8,89.4,0.468,14.1,38.4,0.366,27.8,51,0.544,17.8,22.9,0.776,10.2,36.5,46.7,23.9,7.6,4,13.4,18.2,115.5,41.4,90.6,0.456,14.5,40.6,0.356,26.9,50,0.537,15,19.9,0.751,9.9,34.2,44.1,25.9,7.4,4.4,13,19.7,112.1,28.5,51,31,49,33,3.35,-0.14,3.22,115.1,111.8,3.3,99.9,0.257,0.43,0.58,0.546,11.9,23,0.199,0.536,11.6,78.6,0.165,7,0.62195122,0.658536585,0.585365854,0.666666667,0.673913043,0.489795918,0.4375,12.5,0.596153846,0.6,1,1,1.9375,2.25,2.375,704,9,2.31,2.324,5,11,3,1
2022,New York Knicks,East,37.7,86.2,0.437,13.2,36.9,0.357,24.5,49.3,0.497,18,24.1,0.744,11.5,34.6,46.1,21.9,7,4.9,13.3,20.4,106.5,38.5,86,0.447,12.7,37,0.342,25.8,49,0.527,17,22.3,0.764,9.3,34.3,43.6,24.2,7,4.6,12.7,20.4,106.6,26,37,45,41,41,-0.12,0.11,-0.01,110.4,110.5,-0.1,95.9,0.28,0.428,0.55,0.513,12,25.1,0.208,0.521,11.7,78.8,0.198,19,0.451219512,0.414634146,0.487804878,0.454545455,0.452380952,0.351851852,0,0,0.470588235,0.434782609,0,0.0625,0.0625,0.0625,0.5,0,0,0,0,0,0,11,0
2022,Denver Nuggets,West,41.7,86.3,0.483,12.7,35.9,0.353,29,50.4,0.575,16.7,21,0.795,9.2,34.9,44.1,27.8,7.2,3.7,14.5,20,112.7,41.1,87.4,0.47,11.8,34.2,0.346,29.2,53.2,0.549,16.5,21.7,0.757,9.7,32.7,42.4,25.4,7.9,4.8,12.8,19.9,110.4,27.7,48,34,47,35,2.3,-0.15,2.16,114.5,112.1,2.4,97.8,0.244,0.416,0.59,0.556,13.2,21.9,0.194,0.537,11.7,78.3,0.188,10,0.585365854,0.56097561,0.609756098,0.727272727,0.534883721,0.434782609,0.0625,6.25,0.571428571,0.632653061,1,0.25,1.25,1.25,1.5625,374,1,1.189,0,5,0,6,0
2022,Miami Heat,East,39.6,84.8,0.467,13.6,35.8,0.379,26,49,0.531,17.3,21.4,0.808,9.8,33.9,43.7,25.5,7.4,3.2,14.6,20.5,110,37.5,84,0.447,13,38.3,0.339,24.6,45.7,0.537,17.5,22.5,0.779,9.5,32.1,41.7,23.3,7.4,4,15,20.6,105.6,28.2,53,29,53,29,4.45,-0.22,4.23,113.7,109.1,4.6,95.9,0.252,0.422,0.584,0.547,13.4,23.5,0.204,0.524,13.8,78,0.209,4,0.646341463,0.707317073,0.585365854,0.333333333,0.673913043,0.56,0.6875,25,0.62745098,0.652173913,1,0,0.875,1.375,4.1875,415,3,0.021,0.141,6,8,1,1
2022,Philadelphia 76ers,East,39.4,84.5,0.466,11.6,31.8,0.364,27.8,52.7,0.527,19.6,23.8,0.821,8.5,33.8,42.3,23.7,7.7,5.3,12.5,19.4,109.9,39.7,86.5,0.458,11.4,32.8,0.346,28.3,53.7,0.527,16.6,21.6,0.769,10.2,34,44.2,23.6,6.6,4.6,13.3,19.4,107.3,26.8,51,31,48,34,2.61,-0.04,2.57,113.5,110.8,2.7,96.2,0.282,0.376,0.578,0.534,11.6,20.1,0.232,0.524,12.1,76.8,0.192,8,0.62195122,0.585365854,0.658536585,0.5,0.717948718,0.52,0.375,12.5,0.62,0.680851064,1,0.4375,0.875,1.1875,1.625,637,3,4.288,1.099,13,8,4,0
2022,Houston Rockets,West,39.4,86.4,0.456,13.5,38.7,0.349,25.9,47.7,0.543,17.5,24.5,0.713,9.6,32.4,42,23.6,7.3,4.7,16.5,20.6,109.7,43.4,89.9,0.483,12.8,36.2,0.353,30.7,53.8,0.57,18.5,23.7,0.782,11.2,34.5,45.7,25.6,9.5,5.8,14.1,22.1,118.2,24.1,20,62,21,61,-8.48,0.22,-8.26,108.4,116.7,-8.3,100.9,0.284,0.448,0.565,0.534,14.5,21.7,0.202,0.554,12.3,74.4,0.206,30,0.243902439,0.268292683,0.219512195,0.25,0.169811321,0.145833333,0,0,0.28,0.217391304,0,0,0.6875,1.8125,2.625,0,0,0,0,0,0,15,0
2022,Toronto Raptors,East,40.6,91.3,0.445,11.9,34.2,0.349,28.7,57.1,0.503,16.2,21.3,0.759,13.4,32,45.3,22.1,9,4.6,12.5,19.6,109.4,39,84.4,0.462,12.4,34.9,0.354,26.6,49.5,0.538,16.8,21.2,0.789,10.3,33.7,44,25.3,6.7,5.1,15.8,19.1,107.1,24.8,48,34,47,35,2.29,0.08,2.38,112.9,110.5,2.4,96,0.234,0.375,0.543,0.51,11,28.4,0.177,0.535,14.4,75.6,0.199,11,0.585365854,0.585365854,0.585365854,0.538461538,0.641025641,0.56,0.125,6.25,0.520833333,0.66,1,0,1.4375,2.5625,2.75,198,3,0.017,0,1,0,5,0
2022,New Orleans Pelicans,West,40.2,88,0.457,10.6,32.1,0.332,29.5,55.9,0.528,18.3,23.2,0.789,12,33.2,45.2,25,8.3,4,14.1,19.7,109.3,40.3,85.5,0.471,13,35.5,0.365,27.3,50,0.546,16.8,21.4,0.786,9.3,32.5,41.8,24.9,7.4,4.8,14.2,20.5,110.3,25.6,36,46,38,44,-0.99,0.15,-0.84,112,113,-1,97.2,0.264,0.365,0.557,0.517,12.5,26.9,0.208,0.547,13,78.2,0.196,20,0.43902439,0.463414634,0.414634146,0.571428571,0.433962264,0.333333333,0.125,6.25,0.36,0.489361702,1,0,0,0.3125,0.3125,155,0,0,0,0,0,9,0
2022,Memphis Grizzlies,West,43.5,94.4,0.461,11.5,32.7,0.353,32,61.7,0.519,17,23.1,0.734,14.1,35,49.2,26,9.8,6.5,13.2,19.8,115.6,40.3,88.6,0.455,12,34.5,0.349,28.3,54.2,0.522,17.3,22.4,0.771,10,33,43,25,7.2,6,15.1,19.8,109.9,24,56,26,55,27,5.68,-0.32,5.37,114.6,109,5.6,100.3,0.245,0.346,0.553,0.522,11.2,30,0.18,0.523,13.3,77.8,0.195,2,0.682926829,0.731707317,0.634146341,0.625,0.66,0.608695652,0.375,12.5,0.660377358,0.733333333,1,0.0625,0.0625,0.1875,1.4375,134,0,0,0.006,0,0,2,1
2022,Washington Wizards,East,40.6,86,0.472,10.5,30.6,0.342,30.1,55.4,0.543,17,21.7,0.783,9,34.1,43.1,25,6.4,5,13.1,18.8,108.6,41.3,88.9,0.464,11.5,31.8,0.361,29.8,57.1,0.522,18,22.3,0.807,10.2,34,44.2,23.7,7.3,4.2,11.9,19.9,112,25.9,35,47,32,50,-3.38,0.15,-3.23,111.1,114.5,-3.4,97,0.252,0.356,0.568,0.532,12.1,20.9,0.197,0.529,10.7,76.9,0.202,21,0.426829268,0.512195122,0.341463415,0.666666667,0.289473684,0.377358491,0,0,0.469387755,0.361702128,0,0.0625,0.0625,0.625,1.375,0,0,0,0,0,0,12,0
2022,Detroit Pistons,East,38.2,88.6,0.431,11.3,34.6,0.326,26.9,54,0.498,17.2,22,0.782,11,32,43,23.5,7.7,4.8,14.2,21.9,104.8,40.6,86,0.473,11.8,32.5,0.362,28.9,53.5,0.54,19.5,25.1,0.777,10.3,35.9,46.3,25.1,7.4,5.2,14.6,19.8,112.5,23.6,23,59,22,60,-7.72,0.37,-7.36,106,113.8,-7.8,98.4,0.249,0.391,0.533,0.494,12.6,23.4,0.194,0.541,13.1,75.6,0.226,28,0.280487805,0.317073171,0.243902439,0.538461538,0.153846154,0.245283019,0,0,0.244897959,0.367346939,0,0,0,0,0,0,0,0,0,0,0,14,0
2022,Minnesota Timberwolves,West,41.6,91,0.457,14.8,41.3,0.358,26.8,49.7,0.54,18,23.1,0.778,11.2,32.9,44.2,25.7,8.8,5.6,14.3,21.8,115.9,40.2,87.4,0.46,13.1,37.3,0.35,27.2,50,0.543,19.8,25.4,0.78,11,34.9,45.9,26.2,7.2,4.8,16.3,20.9,113.3,24.2,46,36,48,34,2.63,-0.1,2.53,114.3,111.7,2.6,100.9,0.254,0.454,0.573,0.539,12.4,24.4,0.198,0.535,14.2,74.9,0.227,13,0.56097561,0.634146341,0.487804878,0.5,0.571428571,0.425531915,0.125,6.25,0.5,0.638297872,1,0,0,0.0625,0.0625,119,0,0,0.025,1,3,7,0
2022,Chicago Bulls,East,41.7,86.9,0.48,10.6,28.8,0.369,31.1,58.1,0.535,17.5,21.5,0.813,8.7,33.7,42.3,23.9,7.1,4.1,12.8,18.8,111.6,41.4,87.4,0.474,11.7,32,0.366,29.7,55.5,0.536,17.4,21.9,0.795,9.3,33.9,43.2,25,7.1,5,13.1,18.2,112,26.3,46,36,40,42,-0.39,0.02,-0.38,113.2,113.6,-0.4,98.3,0.248,0.332,0.579,0.541,11.8,20.4,0.201,0.541,11.9,78.3,0.199,12,0.56097561,0.658536585,0.463414634,0.5,0.534883721,0.448979592,0.0625,6.25,0.632653061,0.469387755,1,0,0,0.125,1,204,2,0.033,0,2,0,6,0
2022,Portland Trail Blazers,West,38.5,87.1,0.442,12.7,36.8,0.346,25.8,50.3,0.513,16.4,21.6,0.76,10.4,32.5,42.9,22.9,8,4.5,14.5,21.1,106.2,41.1,85.9,0.479,13.8,37.1,0.371,27.4,48.8,0.561,19.1,24.6,0.777,9.8,35,44.7,26.6,8.2,5,14,19.4,115.1,25.6,27,55,20,62,-8.88,0.33,-8.55,107.8,116.9,-9.1,98.3,0.248,0.422,0.55,0.515,13,22.9,0.188,0.559,12.7,76.9,0.222,25,0.329268293,0.414634146,0.243902439,0.166666667,0.211538462,0.3,0,0,0.411764706,0.29787234,0,0.125,0.6875,1,1.375,0,0,0,0,0,0,13,0
2022,Brooklyn Nets,East,42,88.4,0.475,11.5,31.7,0.361,30.5,56.7,0.538,17.5,21.7,0.805,10.3,34.1,44.4,25.3,7.1,5.5,14.1,20.4,112.9,40.7,90.2,0.452,12.5,36.3,0.345,28.2,53.9,0.523,18.1,23,0.788,11.3,32.8,44.1,23.8,7.9,4.9,13.3,19.7,112.1,29.1,44,38,43,39,0.78,0.04,0.82,113.6,112.8,0.8,99,0.246,0.359,0.576,0.54,12.5,23.9,0.198,0.521,11.7,75.1,0.201,14,0.536585366,0.487804878,0.585365854,0.666666667,0.5,0.387755102,0,6.25,0.591836735,0.428571429,1,0.4375,0.5,0.5,1.125,507,4,3.564,0.031,19,0,7,0
2022,Los Angeles Lakers,West,41.6,88.8,0.469,12,34.5,0.347,29.7,54.3,0.546,16.8,23,0.732,9.5,34.5,44,24,7.6,5.2,14.5,20.2,112.1,42.6,90.5,0.47,12.6,35.8,0.352,30,54.7,0.548,17.4,23.3,0.747,11,35.6,46.6,26.3,8.3,4.1,14,20.1,115.1,30.2,33,49,33,49,-3.05,-0.03,-3.08,110.3,113.3,-3,100.1,0.259,0.388,0.567,0.537,12.8,21.1,0.19,0.54,12.2,75.8,0.192,23,0.402439024,0.512195122,0.292682927,0.416666667,0.371428571,0.306122449,0,0,0.470588235,0.333333333,0,0.125,1.125,1.125,1.4375,0,0,0,0,0,0,11,0
2022,Los Angeles Clippers,West,40.1,87.4,0.458,12.8,34.2,0.374,27.3,53.3,0.512,15.5,19.6,0.793,9.1,34.9,44,24,7.4,5,13.7,18.6,108.4,40.8,90.6,0.45,11.7,33.9,0.345,29.1,56.7,0.513,15.2,19.6,0.775,12,35.1,47.1,24.1,7.7,4.1,13.6,18.5,108.4,27.5,42,40,41,41,0.02,0.06,0.09,110.1,110.1,0,98,0.224,0.391,0.564,0.531,12.5,20.6,0.178,0.514,12,74.4,0.167,18,0.512195122,0.609756098,0.414634146,0.666666667,0.487804878,0.404255319,0,0,0.490566038,0.52173913,0,0.625,1.1875,1.5,2.6875,0,0,0,0,0,0,8,0
2022,Dallas Mavericks,West,39.3,85.1,0.461,13.1,37.4,0.35,26.2,47.8,0.548,16.4,21.2,0.771,9.3,33.8,43,23.4,6.7,4,12.5,19.7,108,39,85.4,0.457,10.9,32.1,0.34,28.1,53.2,0.527,15.8,20.6,0.767,9.5,34.1,43.6,23.5,7,3.7,13.1,20.1,104.7,26.7,52,30,50,32,3.3,-0.18,3.12,112.8,109.4,3.4,95.4,0.249,0.439,0.572,0.538,11.7,21.3,0.192,0.521,12.2,78,0.185,5,0.634146341,0.707317073,0.56097561,0.583333333,0.658536585,0.565217391,0.5625,25,0.568627451,0.744680851,1,0.1875,0.3125,0.375,0.625,159,0,0.24,0,2,0,4,0
2022,Cleveland Cavaliers,East,39.7,84.6,0.469,11.6,32.8,0.355,28.1,51.9,0.541,16.8,22.1,0.76,10.2,34,44.2,25.2,7.1,4.2,14.4,17.5,107.8,39.5,87.2,0.452,11.7,33.2,0.353,27.8,54,0.514,15,19.4,0.774,10.5,32.4,42.9,24.1,8.4,4.6,13.4,20,105.7,24.7,44,38,47,35,2.12,-0.08,2.04,111.9,109.7,2.2,96.1,0.261,0.387,0.571,0.538,13.2,24,0.198,0.52,12.3,76.5,0.172,15,0.536585366,0.609756098,0.463414634,0.714285714,0.536585366,0.42,0,0,0.607843137,0.52173913,0,0,0,2.5625,3.4375,0,0,0,0,0,0,8,0
2022,Sacramento Kings,West,40.5,88.1,0.46,11.4,33.2,0.344,29.1,54.9,0.53,17.9,23.3,0.768,9.6,33.4,42.9,23.7,7.2,4.5,14.1,18.9,110.3,43.4,90.6,0.479,13,34.9,0.372,30.4,55.7,0.547,15.9,20.5,0.776,10.6,35.3,45.8,25.3,8.1,4.8,13.5,20.3,115.8,25.8,30,52,28,54,-5.46,0.2,-5.26,109.9,115.3,-5.4,99.8,0.264,0.377,0.561,0.525,12.5,21.3,0.203,0.551,11.9,76,0.176,24,0.365853659,0.390243902,0.341463415,0.466666667,0.268292683,0.2,0,0,0.346153846,0.333333333,0,0,0,0,0,0,0,0,0,0,0,12,0
2022,San Antonio Spurs,West,43.2,92.7,0.467,11.3,32,0.352,32,60.7,0.527,15.4,20.4,0.754,11,34.3,45.3,27.9,7.6,4.9,12.7,18.1,113.2,42.5,91.2,0.466,12.1,33.6,0.36,30.4,57.5,0.528,16,20.9,0.767,11.4,35.4,46.8,24,7.3,4.9,13.8,18.9,113,24.5,34,48,41,41,0.12,-0.1,0.02,112.4,112.3,0.1,100,0.22,0.345,0.556,0.527,11.1,23.7,0.166,0.532,12.1,75.1,0.176,22,0.414634146,0.390243902,0.43902439,0.545454545,0.441860465,0.265306122,0,0,0.37254902,0.416666667,0,0,0.1875,1.125,3.875,0,0,0,0,0,0,10,0
2022,Charlotte Hornets,East,42.8,91.4,0.468,13.9,38.2,0.365,28.8,53.3,0.542,15.8,21.4,0.74,10.8,33.7,44.6,28.1,8.6,4.9,13.3,19.9,115.3,42,90.1,0.466,14,38.7,0.362,28,51.4,0.544,16.9,22.1,0.763,11.4,35.6,47,26.5,7.5,4.6,15,19.6,114.9,25.5,43,39,42,40,0.44,0.09,0.53,114.1,113.7,0.4,100,0.234,0.418,0.572,0.544,11.6,23.3,0.173,0.544,13.1,74.8,0.187,17,0.524390244,0.536585366,0.512195122,0.428571429,0.510638298,0.367346939,0,0,0.549019608,0.52173913,0,0,0,0.1875,0.1875,0,0,0,0,0,0,10,0
2022,Phoenix Suns,West,43.7,90.1,0.485,11.6,31.9,0.364,32.1,58.2,0.551,15.9,19.9,0.797,9.8,35.5,45.3,27.4,8.6,4.4,12.9,19.9,114.8,39.2,88.3,0.444,11.6,34.2,0.34,27.6,54.1,0.51,17.3,22.7,0.761,10.5,33.9,44.5,22.9,7.5,4,14.7,18.9,107.3,27.5,64,18,59,23,7.5,-0.56,6.94,114.8,107.3,7.5,99.8,0.221,0.354,0.581,0.549,11.6,22.3,0.176,0.51,13,77.1,0.195,1,0.780487805,0.780487805,0.780487805,0.75,0.804347826,0.704545455,0.4375,12.5,0.816326531,0.787234043,1,0.875,0.875,0.875,0.875,523,3,1.805,0.204,10,9,1,1
2021,Charlotte Hornets,East,39.9,87.8,0.455,13.7,37,0.369,26.3,50.8,0.517,15.9,20.9,0.761,10.6,33.2,43.8,26.8,7.8,4.8,14.8,18,109.5,41.3,88.1,0.468,14.5,39.5,0.366,26.8,48.6,0.552,14.4,19.3,0.745,10.6,34.5,45.2,27.1,8.1,4.8,14.8,18.6,111.4,24.6,33,39,32,40,-1.93,-0.01,-1.94,110.9,112.8,-1.9,98.3,0.238,0.422,0.564,0.532,13.3,23.5,0.181,0.55,13.2,75.7,0.163,19,0.458333333,0.5,0.416666667,0.692307692,0.368421053,0.333333333,0,0,0.45,0.482758621,0,0,0,0.1875,0.1875,0,0,0,0,0,0,10,0
2021,Utah Jazz,West,41.3,88.1,0.468,16.7,43,0.389,24.5,45.1,0.544,17.2,21.5,0.799,10.6,37.6,48.3,23.7,6.6,5.2,14.2,18.5,116.4,40.9,91.4,0.447,10.9,31.8,0.341,30,59.6,0.504,14.5,18.9,0.768,9.8,32.8,42.6,22.3,7.7,3.9,11.5,19,107.2,28.5,52,20,55,17,9.25,-0.29,8.97,117.6,108.3,9.3,98.5,0.244,0.488,0.597,0.563,12.7,24.5,0.195,0.507,10.3,79.3,0.159,1,0.722222222,0.861111111,0.583333333,0.6,0.847826087,0.631578947,0.375,12.5,0.75,0.728813559,1,0.1875,0.5625,0.8125,0.8125,344,0,0.002,2.733,3,5,1,1
2021,Indiana Pacers,East,43.3,91.2,0.474,12.3,34,0.364,30.9,57.3,0.54,16.4,20.7,0.792,9,33.7,42.7,27.4,8.5,6.4,13.5,20.2,115.3,42.7,91.3,0.468,11.5,31.5,0.366,31.2,59.9,0.521,18.4,23.5,0.782,11.3,35.5,46.8,26.1,7.4,5.3,14.8,18.1,115.3,26.5,34,38,36,36,-0.04,-0.08,-0.13,112.4,112.4,0,101.6,0.227,0.372,0.575,0.542,11.9,20.2,0.18,0.531,12.7,74.9,0.201,18,0.472222222,0.361111111,0.583333333,0.555555556,0.46875,0.333333333,0,0,0.55,0.438596491,0,0,0.1875,0.375,2.125,0,0,0,0,0,0,9,0
2021,San Antonio Spurs,West,41.9,90.5,0.462,9.9,28.4,0.35,31.9,62.1,0.514,17.4,22,0.792,9.3,34.6,43.9,24.4,7,5.1,11.4,18,111.1,42.4,89.8,0.472,12.3,32.6,0.377,30.1,57.2,0.527,15.7,20.7,0.758,10.2,37.2,47.4,24.8,6.3,5.1,13.2,18.6,112.8,26.2,33,39,32,40,-1.74,0.15,-1.58,111,112.8,-1.8,98.9,0.243,0.314,0.554,0.517,10.2,20,0.192,0.541,11.8,77.3,0.174,20,0.458333333,0.388888889,0.527777778,0.466666667,0.473684211,0.292682927,0,0,0.55,0.5,0,0,0.25,1.3125,4,0,0,0,0,0,0,10,0
2021,Detroit Pistons,East,38.7,85.6,0.452,11.6,32.9,0.351,27.1,52.7,0.515,17.8,23.4,0.759,9.6,33.1,42.7,24.2,7.4,5.2,14.9,20.5,106.6,41.4,86.9,0.476,11.3,31.4,0.362,30,55.6,0.541,17,22.3,0.76,10,34.4,44.3,24.8,8,5.8,13.9,20.4,111.1,24.5,20,52,26,46,-4.47,0.09,-4.38,108,112.5,-4.5,97.9,0.273,0.385,0.556,0.519,13.5,21.9,0.207,0.541,12.6,76.9,0.195,29,0.277777778,0.361111111,0.194444444,0.111111111,0.311111111,0.230769231,0,0,0.25,0.322033898,0,0,0,0,0,0,0,0,0,0,0,15,0
2021,Atlanta Hawks,East,40.8,87.2,0.468,12.4,33.4,0.373,28.4,53.9,0.526,19.7,24.2,0.812,10.6,35.1,45.6,24.1,7,4.8,13.2,19.3,113.7,41.3,89.1,0.463,11.9,34.2,0.349,29.3,55,0.534,16.9,21.1,0.803,10,32.7,42.7,24.4,7.7,5,12.3,19.8,111.4,25.4,41,31,41,31,2.32,-0.18,2.14,115.7,113.3,2.4,97.6,0.278,0.382,0.581,0.539,11.9,24.4,0.226,0.53,11.1,77.8,0.19,11,0.569444444,0.694444444,0.444444444,0.5,0.625,0.416666667,0.625,25,0.526315789,0.516666667,1,0,0,0.875,1.6875,219,0,0,0.004,0,0,4,0
2021,Sacramento Kings,West,42.6,88.6,0.481,12.1,33.3,0.364,30.5,55.3,0.551,16.4,22,0.745,9.4,32,41.4,25.5,7.5,5,13.4,19.4,113.7,43.6,89.4,0.488,12.4,32.6,0.38,31.2,56.8,0.549,17.8,22.7,0.787,10.7,34.6,45.2,25.3,7.6,4.7,13.7,18.7,117.4,25.6,31,41,28,44,-3.68,0.23,-3.45,113.6,117.2,-3.6,100,0.248,0.376,0.578,0.549,12,21.3,0.185,0.557,12.1,75,0.199,23,0.430555556,0.444444444,0.416666667,0.666666667,0.352941176,0.365853659,0,0,0.421052632,0.396551724,0,0,0,0,0,0,0,0,0,0,0,12,0
2021,Dallas Mavericks,West,41.1,87.3,0.47,13.8,38.1,0.362,27.3,49.2,0.554,16.5,21.2,0.778,9.1,34.2,43.3,22.9,6.3,4.3,12.1,19.4,112.4,40.1,87.1,0.46,12.8,35.2,0.365,27.2,51.8,0.525,17.2,22.5,0.764,9.8,34.2,43.9,22.7,7.3,3.7,12.6,20.1,110.2,26.3,42,30,41,31,2.26,-0.01,2.26,115.4,113,2.4,97.3,0.242,0.436,0.582,0.55,11.1,21.1,0.189,0.534,11.5,77.8,0.197,8,0.583333333,0.583333333,0.583333333,0.555555556,0.604651163,0.578947368,0.1875,6.25,0.4,0.586206897,1,0.125,0.125,0.25,1.4375,104,0,0.198,0,1,0,5,0
2021,Chicago Bulls,East,42.2,88.6,0.476,12.6,34,0.37,29.6,54.6,0.542,13.8,17.5,0.791,9.6,35.3,45,26.8,6.7,4.2,15.1,18.9,110.7,41.4,87.7,0.473,11.5,32.3,0.356,29.9,55.3,0.541,17.2,22.2,0.774,8.7,33.5,42.1,24.1,8.5,5.1,12.7,17.7,111.6,25.6,31,41,34,38,-0.89,-0.05,-0.94,111.1,112,-0.9,99,0.197,0.383,0.575,0.547,13.6,22.3,0.156,0.538,11.6,80.3,0.196,21,0.430555556,0.416666667,0.444444444,0.375,0.444444444,0.230769231,0,0,0.388888889,0.413793103,0,0,0,0.5,1.5625,0,0,0,0,0,0,11,0
2021,New Orleans Pelicans,West,42.5,89.1,0.477,10.6,30.4,0.348,31.9,58.6,0.544,19,26.1,0.729,11.7,35.7,47.4,26,7.6,4.4,14.6,18,114.6,41.9,89.3,0.469,14.5,38.1,0.38,27.4,51.2,0.535,16.6,21.1,0.79,8.9,32.9,41.8,25.9,7.7,5.9,13.3,21.3,114.9,24.8,31,41,35,37,-0.29,0.1,-0.2,113.5,113.8,-0.3,100.1,0.293,0.342,0.57,0.537,12.7,26.3,0.214,0.55,11.9,80,0.186,22,0.430555556,0.5,0.361111111,0.230769231,0.382352941,0.341463415,0,0,0.388888889,0.431034483,0,0,0.3125,0.3125,0.3125,0,0,0,0,0,0,11,0
2021,Portland Trail Blazers,West,41.3,91.1,0.453,15.7,40.8,0.385,25.6,50.3,0.509,17.8,21.6,0.823,10.6,33.9,44.5,21.3,6.9,5,11.1,18.9,116.1,41.8,88.3,0.473,12.9,34.6,0.372,28.9,53.6,0.538,17.9,22.8,0.787,9.9,35.5,45.4,24.9,6.1,4.6,12.4,19.1,114.3,27.4,42,30,40,32,1.79,0.01,1.81,117.8,116,1.8,98.4,0.238,0.448,0.577,0.54,9.9,23,0.195,0.546,11.2,77.5,0.203,10,0.583333333,0.555555556,0.611111111,0.526315789,0.612903226,0.421052632,0.125,6.25,0.555555556,0.559322034,1,0.0625,0.5625,0.9375,1.375,371,1,0.769,0.026,11,1,7,0
2021,Oklahoma City Thunder,West,38.8,88,0.441,11.9,35.1,0.339,26.9,52.9,0.509,15.5,21.3,0.725,9.9,35.7,45.6,22.1,7,4.4,16.1,18.1,105,43.4,91.7,0.473,13.6,37.3,0.364,29.8,54.4,0.548,15.3,19.8,0.773,10.1,37,47.1,25.8,9,5.3,13.1,18.6,115.6,22.8,22,50,15,57,-10.64,0.51,-10.13,103.5,114,-10.5,101,0.242,0.399,0.539,0.509,14.2,21.2,0.176,0.547,11.5,77.9,0.167,27,0.305555556,0.277777778,0.333333333,0.583333333,0.12195122,0.243902439,0,0,0.444444444,0.338983051,0,0.1875,0.375,1.125,3.4375,0,0,0,0,0,0,14,0
2021,Orlando Magic,East,38.3,89.2,0.429,10.9,31.8,0.343,27.4,57.4,0.476,16.6,21.4,0.775,10.4,35.1,45.4,21.8,6.9,4.4,12.8,17.2,104,42.2,89.7,0.471,13.7,36.8,0.373,28.5,52.9,0.539,15.2,19.3,0.786,9.8,37.6,47.4,26,7.6,5.3,12.7,18.7,113.3,25.6,21,51,17,55,-9.31,0.29,-9.02,105.1,114.5,-9.4,98.7,0.24,0.356,0.527,0.49,11.5,21.6,0.186,0.547,11.5,78.2,0.169,28,0.291666667,0.305555556,0.277777778,0.375,0.146341463,0.179487179,0,0,0.380952381,0.25862069,0,0.0625,0.125,0.125,0.3125,0,0,0,0,0,0,14,0
2021,Milwaukee Bucks,East,44.7,91.8,0.487,14.4,37.1,0.389,30.3,54.7,0.554,16.2,21.4,0.76,10.3,37.8,48.1,25.5,8.1,4.6,13.8,17.3,120.1,42.4,92.9,0.456,14.8,38.6,0.384,27.6,54.3,0.507,14.6,18.8,0.78,9.6,33.8,43.4,25.1,7,4.8,13.2,18.3,114.2,28.1,46,26,48,24,5.89,-0.32,5.57,117.2,111.4,5.8,102.2,0.233,0.404,0.593,0.566,12,23.3,0.177,0.536,11.5,79.7,0.157,7,0.638888889,0.722222222,0.555555556,0.545454545,0.707317073,0.527777778,1,100,0.578947368,0.637931034,1,0.3125,1.125,1.375,1.375,350,0,1.965,1.464,4,6,3,1
2021,New York Knicks,East,39.4,86.5,0.456,11.8,30,0.392,27.7,56.4,0.49,16.4,20.9,0.784,9.7,35.5,45.1,21.4,7,5.1,12.9,20.5,107,37.9,86.2,0.44,12,35.6,0.337,25.9,50.6,0.512,16.9,22.2,0.761,9.7,34.4,44.1,23.6,6.6,5.4,12.8,17.9,104.7,25.6,41,31,41,31,2.31,-0.18,2.13,110.6,108.2,2.4,95.9,0.242,0.347,0.559,0.524,11.9,21.9,0.19,0.509,11.7,78.6,0.196,12,0.569444444,0.694444444,0.444444444,0.181818182,0.615384615,0.416666667,0.0625,6.25,0.428571429,0.568965517,1,0,0,0,0.4375,145,0,0.981,0.002,1,0,5,0
2021,Los Angeles Lakers,West,40.6,86.1,0.472,11.1,31.2,0.354,29.6,54.8,0.539,17.2,23.3,0.739,9.7,34.6,44.2,24.7,7.8,5.4,15.2,19.1,109.5,39.8,86.4,0.46,11.4,32.2,0.352,28.4,54.2,0.524,15.9,20.5,0.776,8.8,33.2,42,24.7,8.2,4.5,15.2,21.3,106.8,28.2,42,30,42,30,2.79,-0.03,2.77,109.9,107.1,2.8,98.7,0.271,0.363,0.569,0.536,13.6,22.5,0.2,0.526,13.7,79.7,0.184,9,0.583333333,0.583333333,0.583333333,0.583333333,0.628571429,0.421052632,0.125,6.25,0.714285714,0.568965517,1,1,1,1,1.5625,703,12,9.499,2.165,23,11,6,0
2021,Golden State Warriors,West,41.3,88.2,0.468,14.6,38.7,0.376,26.7,49.4,0.541,16.6,21.1,0.785,8,35.1,43,27.7,8.2,4.8,15,21.2,113.7,40.2,89,0.452,12.4,34.5,0.359,27.9,54.5,0.511,19.8,25.5,0.778,10.7,36.6,47.3,23.8,7.9,4.3,15,19.5,112.7,26.7,39,33,38,34,1.06,0.04,1.1,111.1,110.1,1,102.2,0.239,0.439,0.583,0.551,13.3,17.9,0.188,0.522,13.1,76.6,0.223,14,0.541666667,0.694444444,0.388888889,0.6,0.581395349,0.394736842,0,0,0.55,0.491525424,0,0,1.875,4.8125,5.375,0,0,0,0,0,0,8,0
2021,Los Angeles Clippers,West,41.8,86.7,0.482,14.3,34.7,0.411,27.5,52,0.529,16.2,19.3,0.839,9.4,34.7,44.2,24.4,7.1,4.1,13.2,19.2,114,40.1,86.4,0.464,11.6,32.5,0.356,28.5,53.9,0.529,16.1,20.7,0.777,9.2,32,41.2,22.9,7.1,4.2,12.8,18.1,107.8,28.8,47,25,49,23,6.18,-0.16,6.02,117.6,111.2,6.4,96.9,0.222,0.4,0.599,0.564,12.2,22.7,0.186,0.531,11.9,79.1,0.186,6,0.652777778,0.722222222,0.583333333,0.428571429,0.815789474,0.552631579,0.625,25,0.761904762,0.661016949,1,0.4375,0.5625,1.3125,2.0625,699,5,1.551,3.312,12,20,4,0
2021,Brooklyn Nets,East,43.1,87.3,0.494,14.2,36.1,0.392,29,51.2,0.565,18.1,22.5,0.804,8.9,35.5,44.4,26.8,6.7,5.3,13.5,19,118.6,41.9,91.3,0.459,13.2,36.2,0.365,28.7,55.1,0.521,17.1,22,0.775,10.5,32.6,43.1,24,7.6,4.6,12.6,18.9,114.1,28.2,48,24,46,26,4.5,-0.27,4.24,118.3,113.8,4.5,99.5,0.258,0.413,0.61,0.575,12.2,21.4,0.208,0.531,11.1,77.3,0.187,4,0.666666667,0.777777778,0.555555556,0.375,0.685714286,0.638888889,0.4375,12.5,0.590909091,0.677966102,1,0,0.0625,0.1875,0.6875,512,3,7.216,0.014,23,0,2,1
2021,Washington Wizards,East,43.2,90.9,0.475,10.2,29,0.351,33,61.9,0.533,20.1,26.2,0.769,9.7,35.5,45.2,25.5,7.3,4.1,14.4,21.6,116.6,43.1,91.6,0.471,12.4,33.7,0.369,30.7,57.9,0.529,19.8,25.4,0.781,10.3,35.8,46.1,24.5,8.2,4.8,14.7,22,118.5,26.6,34,38,32,40,-1.83,-0.01,-1.85,111.2,113,-1.8,104.1,0.288,0.319,0.569,0.531,12.3,21.3,0.221,0.539,12.5,77.6,0.217,17,0.472222222,0.527777778,0.416666667,0.578947368,0.411764706,0.384615385,0.0625,6.25,0.25,0.5,1,0,0.125,0.9375,1.3125,236,0,1.614,0.007,9,0,8,0
2021,Miami Heat,East,39.2,83.7,0.468,12.9,36.2,0.358,26.3,47.5,0.553,16.7,21.1,0.79,8,33.5,41.5,26.3,7.9,4,14.1,18.9,108.1,39.1,85.2,0.459,14.3,39.1,0.365,24.8,46.2,0.538,15.6,19.9,0.782,9.5,33.4,42.9,25.8,7.5,4,15.1,19.6,108,27.4,40,32,36,36,0.03,-0.09,-0.06,111.2,111.2,0,96.6,0.252,0.432,0.581,0.546,13.1,19.4,0.199,0.542,13.8,77.9,0.183,13,0.555555556,0.583333333,0.527777778,0.444444444,0.5,0.388888889,0,6.25,0.368421053,0.525423729,1,0.875,0.9375,1.375,5.0625,495,4,0.016,0.344,4,7,6,0
2021,Toronto Raptors,East,39.7,88.7,0.448,14.5,39.3,0.368,25.3,49.3,0.512,17.4,21.3,0.815,9.4,32.1,41.6,24.1,8.6,5.4,13.2,21.2,111.3,39,84.7,0.461,13.9,36.7,0.379,25.1,48,0.523,19.8,24.8,0.799,10,35.9,45.9,26,6.6,5.6,16.1,19.5,111.7,26.6,27,45,35,37,-0.47,-0.07,-0.54,112,112.5,-0.5,99.2,0.241,0.444,0.567,0.529,11.9,20.8,0.196,0.543,14.4,76.3,0.234,24,0.375,0.444444444,0.305555556,0.333333333,0.472222222,0.307692308,0,0,0.4,0.423728814,0,0.4375,1.6875,2.5625,2.75,0,0,0,0,0,0,12,0
2021,Houston Rockets,West,39.3,88.5,0.444,13.8,40.6,0.339,25.5,47.9,0.532,16.5,22.3,0.74,9.3,33.3,42.6,23.6,7.6,5,14.7,19.5,108.8,42.7,89,0.48,13.4,35.2,0.382,29.3,53.9,0.544,17.9,22.8,0.783,9.9,37.7,47.6,25.8,8.5,5.3,14.7,19.3,116.7,26.5,17,55,20,52,-7.9,0.4,-7.5,107.1,114.9,-7.8,101.4,0.252,0.459,0.553,0.521,13,19.8,0.187,0.555,12.9,77.1,0.201,30,0.236111111,0.25,0.222222222,0.428571429,0.177777778,0.146341463,0,0,0.5,0.25,0,0.3125,1.375,2.375,2.625,0,0,0,0,0,0,15,0
2021,Phoenix Suns,West,43.3,88.3,0.49,13.1,34.6,0.378,30.3,53.7,0.563,15.6,18.7,0.834,8.8,34.2,42.9,26.9,7.2,4.3,12.5,19.1,115.3,40.5,86.8,0.467,11.6,32.8,0.354,28.9,54,0.535,16.8,21.7,0.778,9.4,33.3,42.7,22.9,6.9,3.6,13.6,18,109.5,26.6,51,21,49,23,5.82,-0.15,5.67,117.2,111.3,5.9,97.2,0.212,0.392,0.597,0.564,11.5,20.8,0.177,0.534,12.4,78.5,0.194,2,0.708333333,0.75,0.666666667,0.75,0.741935484,0.710526316,0.875,50,0.555555556,0.706896552,1,0,0,0,0,284,0,1.667,0.196,9,9,2,1
2021,Denver Nuggets,West,43.3,89.2,0.485,12.9,34.2,0.377,30.4,55,0.552,15.7,19.5,0.803,10.5,33.9,44.4,26.8,8.1,4.5,13.5,19.1,115.1,40,85.4,0.469,13,35.7,0.363,27.1,49.7,0.545,17.1,22.1,0.773,9.1,32.1,41.2,25.9,7.5,4.5,14.1,19.2,110.1,26.1,47,25,47,25,4.93,-0.11,4.82,117.1,112.1,5,97.1,0.219,0.383,0.588,0.557,12.1,24.7,0.176,0.545,12.9,78.9,0.2,5,0.652777778,0.694444444,0.611111111,0.6,0.725,0.552631579,0.25,12.5,0.6,0.694915254,1,0.5625,1,1,1.375,372,3,0.228,0.04,2,1,3,1
2021,Philadelphia 76ers,East,41.4,86.9,0.476,11.3,30.1,0.374,30.1,56.8,0.531,19.6,25.5,0.767,10,35,45.1,23.7,9.1,6.2,14.4,20.2,113.6,39.4,86.9,0.453,11.9,33,0.36,27.5,53.9,0.51,17.4,22.8,0.764,9.8,33.2,42.9,23.5,7.2,4.7,15.6,21,108.1,27.1,49,23,48,24,5.58,-0.31,5.28,113.2,107.6,5.6,99.5,0.293,0.347,0.579,0.541,12.8,23.2,0.225,0.521,13.8,78.2,0.2,3,0.680555556,0.805555556,0.555555556,0.7,0.692307692,0.527777778,0.4375,12.5,0.714285714,0.655172414,1,0,0.75,0.75,1.25,556,4,1.303,3.681,11,9,1,1
2021,Memphis Grizzlies,West,42.8,91.8,0.467,11.2,31.4,0.356,31.7,60.4,0.525,16.4,21.3,0.771,11.2,35.3,46.5,26.9,9.1,5.1,13.3,18.7,113.3,41,88.7,0.462,12.9,35.1,0.367,28.2,53.6,0.525,17.4,22.1,0.788,9.8,34.9,44.7,25.4,7.7,5.2,14.8,18.3,112.3,24.2,38,34,38,34,1.03,0.04,1.07,112,111,1,100.4,0.232,0.342,0.56,0.528,11.6,24.2,0.179,0.535,13.1,78.3,0.196,15,0.527777778,0.5,0.555555556,0.3,0.522727273,0.394736842,0.0625,6.25,0.571428571,0.534482759,1,0,0,0.5,1.8125,97,0,0,0,0,0,9,0
2021,Boston Celtics,East,41.5,88.9,0.466,13.6,36.4,0.374,27.9,52.5,0.53,16.1,20.8,0.775,10.6,33.6,44.3,23.5,7.7,5.3,14.1,20.4,112.6,39.9,86,0.464,12.8,34.3,0.374,27.1,51.6,0.524,18.5,23.5,0.785,9.4,33.1,42.5,24.1,7.4,4.6,14.1,19.3,111.2,25.1,36,36,39,33,1.46,-0.14,1.32,114,112.5,1.5,98.3,0.234,0.409,0.574,0.543,12.5,24.3,0.181,0.539,12.8,78.1,0.215,16,0.5,0.583333333,0.416666667,0.583333333,0.586206897,0.416666667,0.0625,6.25,0.555555556,0.525423729,1,0.625,1.625,2.3125,3.4375,314,1,0.001,0.022,2,2,7,0
2021,Minnesota Timberwolves,West,40.7,90.9,0.448,13.1,37.6,0.349,27.6,53.3,0.518,17.6,23.1,0.761,10.5,33,43.5,25.6,8.8,5.5,14.3,20.9,112.1,43,89.3,0.482,13.1,33.5,0.392,29.9,55.8,0.536,18.5,23.5,0.786,10,35.8,45.8,26.8,7.6,5.5,15.3,19.9,117.7,23.2,23,49,24,48,-5.56,0.31,-5.25,109.5,115,-5.5,101.6,0.254,0.413,0.555,0.52,12.4,22.7,0.193,0.556,13.3,76.8,0.207,25,0.319444444,0.361111111,0.277777778,0.4,0.264705882,0.219512195,0,0,0.263157895,0.3,0,0,0.0625,0.0625,0.0625,0,0,0,0,0,0,13,0
2021,Cleveland Cavaliers,East,38.6,85.8,0.45,10,29.7,0.336,28.6,56,0.51,16.7,22.4,0.743,10.4,32.3,42.8,23.8,7.8,4.5,15.5,18.2,103.8,42,86.7,0.484,12.4,32.4,0.383,29.6,54.3,0.545,15.9,20.4,0.779,9.9,33.8,43.7,25.4,8.5,5.9,14.3,20.2,112.3,24,22,50,18,54,-8.44,0.25,-8.19,105.8,114.4,-8.6,97.3,0.261,0.347,0.543,0.508,13.9,23.6,0.194,0.556,13,76.6,0.183,26,0.305555556,0.361111111,0.25,0.666666667,0.229166667,0.256410256,0,0,0.45,0.310344828,0,0,0.75,3.4375,3.4375,0,0,0,0,0,0,13,0
2020,San Antonio Spurs,West,42.2,89.4,0.472,10.7,28.5,0.376,31.5,61,0.516,19,23.4,0.81,9,35.6,44.6,24.7,7.3,5.5,12.6,19.4,114.1,42.3,90.2,0.469,13.1,35.1,0.373,29.2,55.1,0.53,17.4,22.5,0.777,9.4,35.9,45.3,25.7,6.8,4.3,13.2,20.1,115.2,27.6,32,39,33,38,-1.11,0.46,-0.65,112.4,113.5,-1.1,100.5,0.262,0.318,0.572,0.531,11.2,20.1,0.212,0.542,11.7,79.2,0.193,19,0.450704225,0.558823529,0.351351351,0.588235294,0.454545455,0.371428571,0,0,0.446808511,0.419354839,0,0.1875,0.75,2.3125,4.25,0,0,0,0,0,0,11,0
2020,Milwaukee Bucks,East,43.3,90.9,0.476,13.8,38.9,0.355,29.5,52,0.567,18.3,24.7,0.742,9.5,42.2,51.7,25.9,7.2,5.9,15.1,19.6,118.7,38.9,94,0.414,14,39.3,0.355,25,54.7,0.457,16.7,21.2,0.787,9.5,36.3,45.8,24.2,7.4,4.5,14.1,21.7,108.6,29.2,56,17,57,16,10.08,-0.67,9.41,112.4,102.9,9.5,105.1,0.271,0.428,0.583,0.552,12.9,20.7,0.201,0.489,12,81.6,0.178,1,0.767123288,0.857142857,0.684210526,0.6,0.826086957,0.566666667,0.3125,12.5,0.854166667,0.766666667,1,0.625,0.9375,1.0625,1.25,590,0,1.013,0.56,3,3,1,1
2020,New York Knicks,East,40,89.3,0.447,9.6,28.4,0.337,30.4,61,0.499,16.3,23.5,0.694,12,34.5,46.5,22.1,7.6,4.7,14.3,22.2,105.8,39.9,86,0.463,13.3,34.9,0.381,26.6,51.1,0.52,19.2,25.7,0.749,9.6,34.6,44.2,24.3,7.2,5,13.7,19.8,112.3,24.5,21,45,20,46,-6.45,-0.26,-6.72,106.5,113,-6.5,98.6,0.263,0.318,0.531,0.501,12.6,25.8,0.182,0.541,12.4,78.3,0.224,25,0.318181818,0.333333333,0.303030303,0.538461538,0.275862069,0.172413793,0,0,0.265306122,0.363636364,0,0,0,0,0.4375,0,0,0,0,0,0,12,0
2020,Houston Rockets,West,40.8,90.4,0.451,15.6,45.3,0.345,25.1,45.2,0.557,20.6,26.1,0.791,9.8,34.5,44.3,21.6,8.7,5.2,14.7,21.8,117.8,42.3,91.5,0.462,12.2,35,0.349,30.1,56.5,0.532,18,23.7,0.761,11.2,36.7,47.9,25.3,8,4.9,16.2,21,114.8,29.2,44,28,42,30,2.96,0.17,3.13,112.9,110.1,2.8,103.7,0.288,0.501,0.578,0.537,12.6,21,0.228,0.529,13.7,75.6,0.197,8,0.611111111,0.666666667,0.555555556,0.444444444,0.611111111,0.580645161,0.3125,12.5,0.625,0.566666667,1,0.375,1.4375,2.1875,2.3125,542,1,4.905,0.734,15,4,4,0
2020,Portland Trail Blazers,West,42.2,91.2,0.463,12.9,34.1,0.377,29.3,57.1,0.514,17.7,22.1,0.804,10.2,35.1,45.3,20.6,6.3,6.1,12.8,21.7,115,41.8,91.6,0.456,13.6,35.4,0.383,28.2,56.2,0.501,19.1,24.7,0.771,11.5,35.4,46.9,24.9,6.8,4.9,12.9,20.1,116.1,27.5,35,39,34,40,-1.15,0.54,-0.61,113.7,114.8,-1.1,100.7,0.242,0.374,0.57,0.533,11.2,22.4,0.194,0.53,11.2,75.3,0.208,15,0.472972973,0.583333333,0.368421053,0.75,0.485714286,0.378378378,0.0625,6.25,0.448979592,0.46875,1,0.5,0.5,1.1875,1.4375,194,0,0.746,0.138,10,1,8,0
2020,Boston Celtics,East,41.3,89.6,0.461,12.6,34.5,0.364,28.7,55,0.522,18.6,23.2,0.801,10.7,35.4,46.1,23,8.3,5.6,13.8,21.6,113.7,38.4,87.1,0.441,11.8,34.8,0.34,26.6,52.3,0.508,18.8,24.5,0.767,10.3,34,44.3,22.4,7.1,5.5,15.2,20.7,107.3,25.3,48,24,50,22,6.31,-0.47,5.83,113.3,107,6.3,99.5,0.259,0.386,0.57,0.531,12.2,23.9,0.207,0.509,13.5,77.4,0.215,5,0.666666667,0.722222222,0.611111111,0.545454545,0.805555556,0.5,0.625,25,0.680851064,0.606060606,1,0.3125,1.5625,1.6875,3.75,232,0,0,0.018,1,1,3,1
2020,Minnesota Timberwolves,West,40.4,91.6,0.441,13.3,39.7,0.336,27.1,52,0.521,19.1,25.4,0.753,10.5,34.3,44.8,23.8,8.7,5.7,15.3,21.4,113.3,43.1,90.4,0.477,11.6,31.9,0.363,31.6,58.5,0.539,19.7,25.2,0.783,10.1,37.2,47.3,24.4,7.8,5.5,15.5,21.6,117.5,24.8,19,45,24,40,-4.3,0.28,-4.02,108.1,112.2,-4.1,103.4,0.277,0.433,0.551,0.514,13,22.1,0.209,0.541,13.2,77.2,0.218,29,0.296875,0.25,0.34375,0.428571429,0.322580645,0.129032258,0,0,0.319148936,0.21875,0,0,0.0625,0.0625,0.0625,0,0,0,0,0,0,14,0
2020,Brooklyn Nets,East,40.4,90.3,0.448,13.1,38.1,0.343,27.3,52.1,0.524,17.9,24.1,0.745,10.6,37.3,47.9,24.5,6.4,4.5,15.3,21,111.8,41.4,92.9,0.446,12.2,34.8,0.35,29.2,58.1,0.503,17.4,22.6,0.769,10.6,35.3,45.9,22.6,7.7,5.3,12.8,21.1,112.3,26.3,35,37,35,37,-0.57,-0.44,-1.01,108.9,109.5,-0.6,101.4,0.267,0.423,0.554,0.52,13.1,23.2,0.199,0.511,11,77.8,0.187,14,0.486111111,0.555555556,0.416666667,0.5,0.472222222,0.35483871,0,6.25,0.446808511,0.4375,1,0.0625,0.0625,0.5,0.6875,75,0,0,0.002,0,0,7,0
2020,Oklahoma City Thunder,West,40,85.5,0.468,10.7,30.2,0.355,29.3,55.3,0.529,19.8,24.8,0.796,8.2,34.7,42.9,21.7,7.6,4.9,13.7,19.3,110.4,40.8,89.6,0.455,11.3,33.3,0.34,29.5,56.4,0.523,15.5,19.6,0.795,10.5,34.3,44.8,23,7,4,14.2,22.8,108.4,25.5,44,28,41,31,1.99,0.34,2.33,110.8,108.8,2,98.8,0.29,0.353,0.573,0.53,12.4,19.3,0.231,0.518,12.6,76.8,0.173,10,0.611111111,0.621621622,0.6,0.571428571,0.642857143,0.387096774,0.1875,6.25,0.6,0.709677419,1,0.0625,0.25,1.5625,3.375,299,0,1.641,0.208,8,10,5,0
2020,Detroit Pistons,East,39.3,85.7,0.459,12,32.7,0.367,27.3,53,0.515,16.6,22.4,0.743,9.8,32,41.7,24.1,7.4,4.5,15.3,19.7,107.2,41.9,87.3,0.48,10.7,29.6,0.361,31.3,57.8,0.541,16.2,20.9,0.777,10.1,33.4,43.5,24.6,8.2,5.6,14,19.8,110.8,25.9,20,46,26,40,-3.56,-0.82,-4.38,109,112.7,-3.7,97.6,0.261,0.381,0.561,0.529,13.8,22.6,0.194,0.541,12.7,75.9,0.186,27,0.303030303,0.333333333,0.272727273,0.4,0.257142857,0.230769231,0,0,0.34,0.25,0,0,0,0,0,0,0,0,0,0,0,14,0
2020,Chicago Bulls,East,39.6,88.6,0.447,12.2,35.1,0.348,27.4,53.5,0.511,15.5,20.5,0.755,10.5,31.4,41.9,23.2,10,4.1,15.5,21.8,106.8,39.5,82.5,0.479,11.2,31.6,0.353,28.3,50.9,0.557,19.7,26,0.759,10.2,35.4,45.5,25.4,8.2,5.9,18.3,19.2,109.9,24.4,22,43,26,39,-3.08,-0.93,-4,106.7,109.8,-3.1,99.7,0.231,0.396,0.547,0.515,13.7,22.8,0.175,0.546,16.3,75.6,0.239,24,0.338461538,0.411764706,0.258064516,0.5,0.269230769,0.08,0,0,0.37254902,0.290322581,0,0,0.125,0.5625,1.625,0,0,0,0,0,0,11,0
2020,Golden State Warriors,West,38.6,88.2,0.438,10.4,31.3,0.334,28.2,56.9,0.495,18.7,23.2,0.803,10,32.9,42.8,25.6,8.2,4.6,14.9,20.1,106.3,42.2,88.6,0.476,13.5,34.8,0.389,28.7,53.8,0.533,17.1,21.9,0.783,10.2,36.3,46.5,26.1,8.2,4.9,15.6,20.1,115,24.4,15,50,16,49,-8.71,0.59,-8.12,105.2,113.8,-8.6,100.3,0.264,0.355,0.54,0.497,13.2,21.5,0.212,0.553,13.7,76.4,0.193,30,0.230769231,0.235294118,0.225806452,0.25,0.210526316,0.1,0,0,0.204081633,0.2,0,0.875,2.875,5,5.375,0,0,0,0,0,0,15,0
2020,New Orleans Pelicans,West,42.6,91.6,0.465,13.6,36.9,0.37,28.9,54.8,0.528,17.1,23.4,0.729,11.1,35.4,46.5,26.8,7.5,5,16.4,21.2,115.8,42.7,91.8,0.465,12.2,33.9,0.361,30.5,58,0.526,19.4,24.7,0.789,10.1,34.7,44.8,24.5,8.5,4.8,14.5,21.1,117.1,25.4,30,42,33,39,-1.29,0.74,-0.55,110.7,111.9,-1.2,103.7,0.256,0.403,0.568,0.539,13.9,24.2,0.186,0.532,12.4,77.8,0.212,21,0.416666667,0.416666667,0.416666667,0.25,0.545454545,0.236842105,0,0,0.408163265,0.566666667,0,0,0.3125,0.3125,0.3125,0,0,0,0,0,0,13,0
2020,Washington Wizards,East,41.5,90.9,0.457,12,32.6,0.368,29.5,58.3,0.506,19.4,24.6,0.788,10.2,31.9,42,25,8,4.3,14.2,22.7,114.4,43.1,88.4,0.488,12.4,33.1,0.376,30.7,55.2,0.555,20.4,26.3,0.778,10.5,35.7,46.2,25.2,7.5,5,16.2,22.2,119.1,25.1,25,47,26,46,-4.67,-0.57,-5.24,110.9,115.5,-4.6,102.7,0.27,0.358,0.562,0.523,12.2,22.2,0.213,0.558,13.9,75.3,0.231,22,0.347222222,0.444444444,0.25,0.2,0.324324324,0.24137931,0,0,0.340425532,0.4375,0,0,0.5625,1.3125,1.3125,0,0,0,0,0,0,9,0
2020,Memphis Grizzlies,West,42.5,90.9,0.468,10.9,31.5,0.347,31.6,59.4,0.532,16.6,21.8,0.763,10.3,36.2,46.5,26.9,7.9,5.5,15.2,21.2,112.6,40.6,90.3,0.45,12.9,35.3,0.365,27.7,55,0.504,19.6,25,0.782,10.4,34.5,44.9,24.8,8,5.3,14.8,20.2,113.7,24.1,34,39,34,39,-1.07,0.16,-0.91,109.2,110.3,-1.1,102.8,0.24,0.346,0.561,0.528,13.2,23,0.183,0.521,12.7,77.8,0.217,16,0.465753425,0.540540541,0.388888889,0.428571429,0.461538462,0.303030303,0,0,0.489795918,0.612903226,0,0,0.125,0.6875,1.8125,0,0,0,0,0,0,9,0
2020,Miami Heat,East,39.5,84.4,0.468,13.4,35.4,0.379,26,49,0.532,19.7,25.2,0.783,8.5,35.9,44.4,25.9,7.5,4.5,14.9,20.6,112,38.8,86.7,0.448,13.1,37.7,0.347,25.7,48.9,0.525,18.4,23.6,0.783,9.2,33.3,42.5,24.6,7.5,4.1,14,21.7,109.1,25.9,44,29,43,30,2.95,-0.35,2.59,112.5,109.5,3,98.3,0.299,0.419,0.587,0.547,13.5,20.3,0.234,0.523,12.6,79.5,0.213,9,0.602739726,0.805555556,0.405405405,0.6,0.676470588,0.548387097,0.875,50,0.680851064,0.53125,1,0,0.0625,1.3125,4.25,364,3,0.007,0.292,3,6,5,0
2020,Utah Jazz,West,40.1,85.1,0.471,13.4,35.2,0.38,26.7,49.9,0.535,17.8,22.8,0.779,9.1,35.8,44.9,22.4,6.1,4.1,15.1,20.4,111.3,40.7,89.1,0.457,11,31,0.353,29.7,58.1,0.512,16.5,21.5,0.767,9.6,33.1,42.7,21.5,7.9,4.6,12.3,20.8,108.8,27.3,44,28,42,30,2.47,0.05,2.52,112.3,109.9,2.4,98.6,0.268,0.414,0.585,0.549,13.7,21.6,0.208,0.518,11.1,78.9,0.185,11,0.611111111,0.657142857,0.567567568,0.583333333,0.620689655,0.366666667,0.1875,6.25,0.666666667,0.64516129,1,0.0625,0.625,0.625,0.875,165,0,0.002,2.359,2,4,6,0
2020,Dallas Mavericks,West,41.7,90.3,0.461,15.1,41.3,0.367,26.5,49,0.541,18.6,23.8,0.779,10.5,36.4,46.9,24.7,6.1,4.8,12.7,19.5,117,41.9,91.6,0.458,12.3,34.9,0.351,29.7,56.7,0.523,16,21,0.76,10.4,35,45.4,23.9,7,4.1,11.9,21.3,112.1,26.1,43,32,49,26,4.95,-0.07,4.87,116.7,111.7,5,99.3,0.264,0.457,0.581,0.545,11.2,23.2,0.206,0.525,10.6,77.7,0.175,12,0.573333333,0.526315789,0.621621622,0.153846154,0.71875,0.4,0.125,6.25,0.604166667,0.558823529,1,0,0,0.3125,1.4375,133,1,0,0.014,0,0,7,0
2020,Cleveland Cavaliers,East,40.3,87.9,0.458,11.2,31.8,0.351,29.1,56.1,0.519,15.1,19.9,0.758,10.8,33.4,44.2,23.1,6.9,3.2,16.5,18.3,106.9,43.9,89.4,0.491,12.4,33,0.375,31.5,56.4,0.558,14.7,19.2,0.767,9.7,33.1,42.9,26.1,9.4,6.3,13,19.6,114.8,25,19,46,18,47,-7.89,0.12,-7.77,107.5,115.4,-7.9,98.7,0.227,0.362,0.553,0.522,14.6,24.6,0.172,0.56,11.7,77.4,0.164,28,0.292307692,0.305555556,0.275862069,0.5,0.176470588,0.15625,0,0,0.265306122,0.28125,0,0,1.5625,3.4375,3.8125,0,0,0,0,0,0,15,0
2020,Toronto Raptors,East,40.2,87.9,0.458,13.8,37,0.374,26.4,50.9,0.519,18.5,23.2,0.796,9.5,35.9,45.4,25.2,8.8,5,14.8,21.7,112.8,37.8,88.3,0.428,13.1,38.9,0.337,24.7,49.5,0.499,17.8,23.2,0.769,10.9,35.1,46.1,25.6,7.2,5.5,16.8,20.4,106.5,26.6,53,19,50,22,6.24,-0.26,5.97,111.1,105,6.1,100.9,0.264,0.421,0.574,0.536,13.1,21.3,0.21,0.502,14.6,76.7,0.202,2,0.736111111,0.722222222,0.75,0.6,0.696969697,0.516129032,0.4375,12.5,0.714285714,0.766666667,1,1,1.5,2.3125,2.3125,461,8,0.008,1.213,3,4,2,1
2020,Denver Nuggets,West,42,88.9,0.473,11,30.6,0.359,31.1,58.3,0.533,16.2,20.9,0.777,10.8,33.4,44.1,26.7,8,4.6,13.8,20.3,111.3,40,86.5,0.463,12.1,33.9,0.358,27.9,52.6,0.53,17.1,22.5,0.759,10.1,32.6,42.6,25.4,7.2,4.4,14.3,20.5,109.2,25.6,46,27,41,32,2.11,0.24,2.35,113.1,111,2.1,97.1,0.235,0.344,0.567,0.535,12.3,24.8,0.183,0.533,12.9,76.8,0.198,6,0.630136986,0.702702703,0.555555556,0.642857143,0.551724138,0.53125,0.5625,25,0.693877551,0.625,1,0.4375,0.4375,0.4375,0.9375,252,0,0.21,0.032,1,1,3,1
2020,Los Angeles Clippers,West,41.6,89.2,0.466,12.4,33.5,0.371,29.1,55.8,0.522,20.8,26.3,0.791,10.7,37,47.7,23.7,7.1,4.7,14.6,22.1,116.3,39.5,90.2,0.438,12.3,35.6,0.345,27.2,54.6,0.499,18.5,24.5,0.756,10.7,34.6,45.3,23.7,7.5,4.7,14.1,22.9,109.9,27.4,49,23,50,22,6.44,0.21,6.66,113.9,107.6,6.3,101.5,0.295,0.375,0.577,0.535,12.6,23.5,0.233,0.506,12.2,77.6,0.206,4,0.680555556,0.75,0.611111111,0.727272727,0.8,0.625,0.4375,12.5,0.6875,0.689655172,1,0.125,0.3125,1.25,1.625,504,2,1.63,3.373,9,13,2,1
2020,Phoenix Suns,West,41.2,88.1,0.468,11.4,31.8,0.358,29.8,56.3,0.529,19.9,23.8,0.834,9.8,33.8,43.5,27.2,7.7,4,14.8,22,113.6,41.2,87.4,0.472,11.6,32,0.363,29.6,55.4,0.535,19.3,24.5,0.788,9.1,34.2,43.3,23.6,7.9,5.5,15.6,22.6,113.4,24.6,34,39,37,36,0.22,0.35,0.56,111.7,111.4,0.3,101.3,0.271,0.361,0.576,0.532,13,22.2,0.226,0.539,13.7,78.8,0.221,17,0.465753425,0.435897436,0.5,0.333333333,0.454545455,0.4,0,0,0.416666667,0.40625,0,0,0,0,0.625,0,0,0,0,0,0,10,0
2020,Los Angeles Lakers,West,42.3,88.3,0.48,11,31.6,0.349,31.3,56.7,0.552,17.7,24.3,0.729,10.7,35.1,45.7,25.4,8.6,6.6,15.2,20.7,113.4,39.1,87.1,0.448,11.6,33.4,0.349,27.4,53.7,0.51,17.9,22.9,0.781,9.4,32.9,42.3,23.4,8.2,3.7,15.9,21.7,107.6,29.5,52,19,48,23,5.79,0.49,6.28,112,106.3,5.7,100.9,0.276,0.358,0.573,0.542,13.3,24.5,0.201,0.515,14.1,78.8,0.205,3,0.732394366,0.714285714,0.75,0.7,0.694444444,0.588235294,1,100,0.765957447,0.766666667,1,0,0,0,1.5625,863,10,9.933,4.803,27,19,1,1
2020,Atlanta Hawks,East,40.6,90.6,0.449,12,36.1,0.333,28.6,54.5,0.525,18.5,23.4,0.79,9.9,33.4,43.3,24,7.8,5.1,16.2,23.1,111.8,43.3,90.7,0.478,11.9,32.7,0.363,31.4,58,0.542,21.2,27.4,0.772,11.2,35.9,47,25,9,6.4,15,21,119.7,24.1,20,47,18,49,-7.97,0.27,-7.71,107.2,114.8,-7.6,103,0.258,0.398,0.554,0.515,13.8,21.6,0.204,0.543,12.7,74.9,0.233,26,0.298507463,0.411764706,0.181818182,0.166666667,0.216216216,0.193548387,0,0,0.265306122,0.393939394,0,0,0.125,1.0625,1.9375,0,0,0,0,0,0,13,0
2020,Philadelphia 76ers,East,41.1,87.9,0.468,11.6,31.6,0.368,29.5,56.3,0.524,16.9,22.4,0.755,10.5,35,45.4,25.8,8,5.3,14.2,20.9,110.7,39.8,86,0.463,10.4,29.4,0.353,29.4,56.5,0.52,18.4,24.5,0.751,8.6,33.2,41.8,22.8,7,4,13.8,20.5,108.4,26.3,43,30,42,31,2.38,-0.13,2.25,111.3,109,2.3,99,0.255,0.36,0.566,0.534,12.7,23.9,0.193,0.523,12.5,80.3,0.214,13,0.589041096,0.885714286,0.315789474,0.545454545,0.558823529,0.393939394,0,6.25,0.632653061,0.551724138,1,0.4375,0.75,0.75,1.25,261,0,0.053,0.45,3,3,6,0
2020,Sacramento Kings,West,40.9,88.4,0.462,12.7,34.9,0.364,28.2,53.5,0.527,15.7,20.3,0.77,9.7,32.9,42.6,23.8,7.7,4.1,14.5,22.2,110.1,40.3,85.5,0.471,12.4,34.8,0.357,27.8,50.7,0.549,19.2,24.3,0.79,9.1,34.5,43.5,24.9,7.7,4.2,15.2,19.5,112.1,27,31,41,31,41,-2.04,0.46,-1.59,110.2,112.2,-2,98.9,0.23,0.395,0.566,0.534,13,21.9,0.177,0.543,13.6,78.4,0.225,20,0.430555556,0.457142857,0.405405405,0.428571429,0.4,0.303030303,0,0,0.375,0.533333333,0,0,0,0,0,0,0,0,0,0,0,12,0
2020,Indiana Pacers,East,42.1,88.5,0.476,10.2,28,0.363,31.9,60.4,0.529,15,19.1,0.787,8.7,34.1,42.8,25.9,7.4,5.2,13.2,19.8,109.4,39.5,88.5,0.446,11.5,33.6,0.341,28,54.8,0.511,17,21.6,0.788,10.4,34.9,45.2,23.1,6.9,4.6,14.7,18.8,107.5,25.6,45,28,41,32,1.96,-0.33,1.63,110,108,2,98.9,0.216,0.317,0.565,0.534,12,20,0.17,0.511,13,76.7,0.192,7,0.616438356,0.694444444,0.540540541,0.416666667,0.625,0.483870968,0,6.25,0.645833333,0.548387097,1,0,0.1875,1,2.125,93,1,0.002,0.032,1,1,4,0
2020,Orlando Magic,East,39.3,88.6,0.444,11.1,32.2,0.343,28.3,56.4,0.502,17.6,22.7,0.774,10.3,34.2,44.5,23.9,8.2,5.4,12.8,18.3,107.3,40.4,86.9,0.465,12.2,33.6,0.364,28.2,53.3,0.529,15.3,19.8,0.771,9,35.8,44.9,24.7,7,4.6,14.6,19.5,108.3,26.1,33,40,34,39,-1.01,0.09,-0.93,108.5,109.5,-1,98.6,0.256,0.364,0.544,0.506,11.5,22.3,0.198,0.535,13.2,79.1,0.176,18,0.452054795,0.514285714,0.394736842,0.5,0.473684211,0.142857143,0.0625,6.25,0.4375,0.5,1,0.0625,0.0625,0.0625,0.875,116,0,0,0,0,0,8,0
2020,Charlotte Hornets,East,37.3,85.9,0.434,12.1,34.3,0.352,25.2,51.6,0.489,16.2,21.6,0.748,11,31.8,42.8,23.8,6.6,4.1,14.6,18.8,102.9,41.7,87.5,0.476,12.4,35.1,0.352,29.3,52.5,0.558,14,18.4,0.758,10.9,35,46,26.6,8,5,14.4,20.6,109.6,24.3,23,42,19,46,-6.75,-0.28,-7.03,106.3,113.3,-7,95.8,0.252,0.399,0.539,0.504,13.3,23.9,0.188,0.546,13.1,74.4,0.159,23,0.353846154,0.322580645,0.382352941,0.529411765,0.166666667,0.185185185,0,0,0.333333333,0.344827586,0,0,0,0.1875,0.1875,0,0,0,0,0,0,10,0
2019,Dallas Mavericks,West,38.8,86.9,0.447,12.5,36.6,0.34,26.3,50.2,0.524,18.8,25.3,0.742,10.1,35.2,45.3,23.4,6.5,4.3,14.2,20.1,108.9,40.9,89.2,0.459,11.2,32.5,0.344,29.7,56.7,0.525,17.1,22,0.777,10.2,34.6,44.8,24.5,7.8,4.5,13,23.2,110.1,26.9,33,49,38,44,-1.28,0.42,-0.87,109.4,110.7,-1.3,99,0.291,0.422,0.555,0.519,12.7,22.7,0.216,0.522,11.6,77.5,0.191,22,0.402439024,0.585365854,0.219512195,0.5,0.352941176,0.382978723,0,0,0.450980392,0.347826087,0,0,0.0625,0.3125,1.75,0,0,0,0,0,0,12,0
2019,San Antonio Spurs,West,42.3,88.4,0.478,9.9,25.3,0.392,32.4,63.1,0.513,17.2,21,0.819,9.2,35.5,44.7,24.5,6.1,4.7,12.1,18.1,111.7,41.5,89.7,0.463,11.7,32.7,0.359,29.8,57,0.522,15.2,20.2,0.755,9.2,34.7,43.9,24.7,7.2,4,12.2,19.6,110,28.8,48,34,45,37,1.68,0.12,1.8,112.9,111.2,1.7,98.3,0.237,0.286,0.572,0.534,11,21,0.194,0.528,11,79.4,0.17,13,0.585365854,0.780487805,0.390243902,0.636363636,0.609756098,0.536585366,0.1875,6.25,0.58490566,0.613636364,1,0.0625,0.9375,3.0625,4.125,366,2,0.065,0.002,7,0,8,0
2019,Los Angeles Lakers,West,42.6,90.5,0.47,10.3,31,0.333,32.2,59.6,0.541,16.3,23.3,0.699,10.2,36.4,46.6,25.6,7.5,5.4,15.7,20.7,111.8,41.9,92.8,0.452,11.8,34,0.349,30.1,58.9,0.511,17.8,22.7,0.784,11.3,35.6,46.9,25,8.3,5.1,14.2,20.8,113.5,26.2,37,45,37,45,-1.72,0.39,-1.33,107.8,109.5,-1.7,103.2,0.257,0.342,0.554,0.527,13.4,22.2,0.18,0.516,12.2,76.4,0.192,20,0.451219512,0.536585366,0.365853659,0.555555556,0.390243902,0.304347826,0,0,0.519230769,0.355555556,0,0,0,0,2.5625,0,0,0,0,0,0,10,0
2019,Brooklyn Nets,East,40.3,89.7,0.449,12.8,36.2,0.353,27.5,53.6,0.513,19,25.5,0.745,11,35.6,46.6,23.8,6.6,4.1,15.1,21.5,112.2,42.2,92.5,0.456,10.3,30.3,0.341,31.9,62.1,0.513,17.6,22.8,0.77,11,35.2,46.2,23.7,7.8,5.3,13.5,22,112.3,25.4,42,40,41,41,-0.07,-0.33,-0.4,109.6,109.7,-0.1,100.8,0.284,0.403,0.556,0.52,13,23.8,0.211,0.512,11.6,76.4,0.19,14,0.512195122,0.56097561,0.463414634,0.6,0.421052632,0.365853659,0.0625,6.25,0.528301887,0.568181818,1,0,0,0.625,0.625,129,0,0,0.002,0,0,6,0
2019,Minnesota Timberwolves,West,41.6,91.3,0.456,10.1,28.7,0.351,31.5,62.5,0.504,19.1,24.3,0.787,11.3,33.5,44.8,24.6,8.3,5,13.1,20.3,112.5,42.1,90.1,0.467,12.7,33.6,0.378,29.4,56.5,0.52,17.1,22.3,0.767,11.2,34.4,45.6,26.2,6.6,5.5,14.7,21.9,114,26.2,36,46,37,45,-1.5,0.48,-1.02,111.4,112.9,-1.5,100.2,0.267,0.315,0.552,0.511,11.4,24.6,0.21,0.538,12.9,74.9,0.19,21,0.43902439,0.609756098,0.268292683,0.615384615,0.463414634,0.304347826,0,0,0.490196078,0.422222222,0,0.0625,0.0625,0.0625,0.0625,0,0,0,0,0,0,11,0
2019,Washington Wizards,East,42.1,90.1,0.468,11.3,33.3,0.341,30.8,56.8,0.543,18.4,23.9,0.768,9.7,32.7,42.4,26.3,8.3,4.6,14.1,20.7,114,43.4,90.5,0.48,12.1,32.8,0.37,31.3,57.7,0.542,18,23.1,0.778,11.4,35.8,47.3,26.2,7.7,4.6,15.8,21.2,116.9,26.5,32,50,34,48,-2.9,-0.4,-3.3,111.1,113.9,-2.8,101.4,0.266,0.37,0.567,0.531,12.3,21.3,0.204,0.546,13.5,74.1,0.199,25,0.390243902,0.536585366,0.243902439,0.454545455,0.378378378,0.318181818,0,0,0.431372549,0.4,0,0.125,0.5625,1.3125,1.3125,0,0,0,0,0,0,11,0
2019,Cleveland Cavaliers,East,38.9,87.6,0.444,10.3,29.1,0.355,28.6,58.5,0.488,16.4,20.7,0.792,10.7,31.9,42.7,20.7,6.5,2.4,13.5,20,104.5,43.2,87.2,0.495,12,31.6,0.38,31.2,55.6,0.561,15.8,20.5,0.77,9.5,34.6,44.1,25.7,6.9,5.6,12.5,19.4,114.1,25.2,19,63,19,63,-9.61,0.22,-9.39,107.7,117.6,-9.9,96.6,0.236,0.332,0.54,0.503,12.2,23.7,0.187,0.564,11.5,77,0.181,28,0.231707317,0.317073171,0.146341463,0.555555556,0.12244898,0.173913043,0,0,0.211538462,0.244444444,0,0.75,2.5625,3.4375,4.4375,0,0,0,0,0,0,14,0
2019,Chicago Bulls,East,39.8,87.9,0.453,9.1,25.9,0.351,30.7,62,0.496,16.2,20.7,0.783,8.8,34.1,42.9,21.9,7.4,4.3,14.1,20.3,104.9,42.2,89.2,0.473,12.1,33,0.365,30.2,56.2,0.537,16.8,22,0.763,10,36.4,46.4,25.5,7.3,5.8,13.3,18.7,113.4,24,22,60,21,61,-8.41,0.1,-8.32,104.8,113.2,-8.4,99,0.235,0.295,0.541,0.505,12.7,19.4,0.184,0.541,11.9,77.3,0.188,27,0.268292683,0.219512195,0.317073171,0.5,0.225,0.14893617,0,0,0.230769231,0.266666667,0,0,0.125,0.875,1.8125,0,0,0,0,0,0,13,0
2019,Denver Nuggets,West,41.9,90,0.466,11,31.4,0.351,30.9,58.7,0.527,15.8,20.9,0.755,11.9,34.5,46.4,27.4,7.7,4.4,13.4,20,110.7,39.6,86.4,0.458,10.8,31.9,0.339,28.8,54.5,0.528,16.7,22.2,0.753,9.7,32.7,42.5,24.6,7.4,5,13.5,20.4,106.7,24.9,54,28,51,31,3.95,0.24,4.19,113,108.9,4.1,97.7,0.232,0.348,0.558,0.527,11.9,26.6,0.175,0.521,12.3,78,0.194,4,0.658536585,0.829268293,0.487804878,0.8125,0.676470588,0.545454545,0.4375,12.5,0.7,0.645833333,1,0,0,0.125,1.125,123,0,0,0.032,0,1,2,1
2019,Houston Rockets,West,39.2,87.4,0.449,16.1,45.4,0.356,23.1,42,0.551,19.3,24.4,0.791,10.2,31.9,42.1,21.2,8.5,4.9,13.3,22,113.9,40.4,86.7,0.466,10.1,29.8,0.34,30.3,56.9,0.532,18.2,23.7,0.768,11,34.5,45.4,23.5,7.4,4.5,15,20,109.1,29.2,53,29,53,29,4.77,0.19,4.96,115.5,110.7,4.8,97.9,0.279,0.519,0.581,0.542,12,22.8,0.221,0.525,13.4,74.4,0.21,5,0.646341463,0.756097561,0.536585366,0.416666667,0.707317073,0.571428571,0.375,12.5,0.58,0.695652174,1,0.6875,1.125,1.9375,2.375,552,1,4.164,0.216,13,9,3,1
2019,Oklahoma City Thunder,West,42.6,94,0.454,11.4,32.6,0.348,31.3,61.3,0.51,17.8,25,0.713,12.6,35.5,48.1,23.4,9.3,5.2,14,22.4,114.5,40.8,88.7,0.46,11.2,31.6,0.356,29.5,57.1,0.517,18.3,24,0.761,9.9,35.8,45.7,24.9,8.2,5.1,16.7,22.5,111.1,25.7,49,33,50,32,3.4,0.15,3.56,110.3,107,3.3,102.8,0.266,0.347,0.545,0.514,11.7,26,0.19,0.523,14.4,78.2,0.206,10,0.597560976,0.658536585,0.536585366,0.461538462,0.657142857,0.619047619,0.0625,6.25,0.64,0.565217391,1,0.125,0.875,1.8125,3.3125,331,0,1.632,0.232,11,3,6,0
2019,Toronto Raptors,East,42.2,89.1,0.474,12.4,33.8,0.366,29.8,55.3,0.539,17.7,22,0.804,9.6,35.6,45.2,25.4,8.3,5.3,14,21,114.4,40.3,89.7,0.449,10.8,31.2,0.345,29.5,58.5,0.505,17.1,22.3,0.765,10.6,34.2,44.8,24.5,7.6,4.5,14.9,20.5,108.4,27.3,58,24,56,26,6.09,-0.6,5.49,113.1,107.1,6,100.2,0.247,0.379,0.579,0.543,12.4,21.9,0.198,0.509,13.1,77.1,0.19,2,0.707317073,0.780487805,0.634146341,0.611111111,0.785714286,0.523809524,1,100,0.698113208,0.704545455,1,0.25,1.125,1.3125,1.3125,533,4,0.988,2.949,5,9,2,1
2019,Milwaukee Bucks,East,43.4,91.1,0.476,13.5,38.2,0.353,29.9,52.9,0.565,17.9,23.2,0.773,9.3,40.4,49.7,26,7.5,5.9,13.9,19.6,118.1,40.5,93.5,0.433,13.1,36.3,0.361,27.4,57.2,0.479,15.1,20.7,0.733,9.9,35.4,45.3,24.8,6.8,4.8,13.4,20.2,109.3,26.9,60,22,61,21,8.87,-0.82,8.04,113.8,105.2,8.6,103.3,0.255,0.419,0.583,0.55,12,20.8,0.197,0.503,11.5,80.3,0.162,1,0.731707317,0.804878049,0.658536585,0.454545455,0.9,0.682926829,0.625,25,0.74,0.744680851,1,0.1875,0.3125,0.4375,0.625,298,0,0.081,0,2,1,1,1
2019,Portland Trail Blazers,West,42.3,90.6,0.467,11,30.7,0.359,31.3,59.8,0.523,19,23.3,0.814,11.8,36.2,48,23,6.7,5,13.8,20.4,114.7,41.1,90,0.457,10.7,29.8,0.359,30.4,60.3,0.505,17.5,22.8,0.77,10.3,32.6,42.8,23.2,7.4,5.1,12.4,20.7,110.5,26.2,53,29,51,31,4.2,0.24,4.43,114.7,110.5,4.2,99.1,0.258,0.339,0.568,0.528,12.1,26.6,0.21,0.516,11,77.9,0.195,6,0.646341463,0.780487805,0.512195122,0.4,0.783783784,0.581395349,0.5,25,0.615384615,0.711111111,1,0,0.3125,0.6875,1.0625,229,0,0.225,0,3,0,4,0
2019,Philadelphia 76ers,East,41.5,88.2,0.471,10.8,30.2,0.359,30.7,58,0.529,21.2,27.5,0.771,10.9,36.9,47.8,26.9,7.4,5.3,14.9,21.3,115.2,41.7,91.5,0.455,10.3,30,0.342,31.4,61.5,0.511,18.8,24.5,0.768,10,33.5,43.5,23.4,7.7,4.1,12.7,22.1,112.5,26.4,51,31,48,34,2.7,-0.44,2.25,112.6,110,2.6,101.6,0.312,0.342,0.574,0.532,12.9,24.5,0.241,0.512,11.1,78.6,0.206,7,0.62195122,0.756097561,0.487804878,0.555555556,0.578947368,0.511627907,0.4375,12.5,0.653846154,0.622222222,1,0.3125,0.3125,0.3125,0.9375,310,0,0.009,0.35,3,5,3,1
2019,Los Angeles Clippers,West,41.3,87.5,0.471,10,25.8,0.388,31.3,61.7,0.507,22.6,28.5,0.792,9.7,35.8,45.5,24,6.8,4.7,14.5,23.3,115.1,41.7,91.3,0.457,10.4,30.2,0.343,31.4,61.1,0.513,20.5,26.3,0.777,11.3,34.5,45.7,24.1,8.3,6.1,13.2,24,114.3,27.2,48,34,43,39,0.85,0.23,1.09,112.4,111.5,0.9,101.7,0.326,0.295,0.575,0.529,12.7,22,0.258,0.514,11.4,76,0.224,12,0.585365854,0.634146341,0.536585366,0.75,0.56097561,0.452380952,0.125,6.25,0.538461538,0.586956522,1,0,0.3125,1.25,1.5,145,0,0,0.007,0,2,7,0
2019,New York Knicks,East,38.2,88.3,0.433,10,29.5,0.34,28.2,58.8,0.479,18.1,23.9,0.759,10.5,34.3,44.7,20.1,6.8,5.1,14,20.9,104.6,41.9,89.7,0.467,11.8,32.6,0.363,30.1,57.1,0.527,18.2,23.8,0.766,10.7,36.8,47.5,25.6,7.4,5.6,13.2,20.8,113.8,23.4,17,65,19,63,-9.21,0.28,-8.93,104.5,113.7,-9.2,99.6,0.27,0.334,0.529,0.49,12.4,22.1,0.205,0.533,11.7,76.1,0.203,30,0.207317073,0.219512195,0.195121951,0.363636364,0.127659574,0.104166667,0,0,0.2,0.177777778,0,0,0,0.375,0.4375,0,0,0,0,0,0,15,0
2019,Detroit Pistons,East,38.8,88.3,0.44,12.1,34.8,0.348,26.7,53.5,0.5,17.3,23.1,0.747,11.4,33.6,45,22.5,6.9,4,13.8,22.1,107,39.9,85,0.469,9.6,27.8,0.345,30.3,57.2,0.53,17.9,23.7,0.755,9.1,34.6,43.7,23.7,6.9,5.1,14.1,21.3,107.3,26.9,41,41,40,42,-0.24,-0.31,-0.56,109,109.2,-0.2,97.4,0.262,0.394,0.544,0.509,12.3,24.8,0.195,0.526,12.8,78.7,0.211,16,0.5,0.634146341,0.365853659,0.4,0.432432432,0.357142857,0,6.25,0.44,0.520833333,1,0,0,0,0,249,2,0.353,0.007,5,0,8,0
2019,Indiana Pacers,East,41.3,87,0.475,9.5,25.4,0.374,31.8,61.6,0.517,15.8,21.1,0.752,9.3,33.7,43,26,8.7,4.9,13.7,19.4,108,38.7,86.1,0.45,11.4,32.1,0.354,27.4,54,0.507,15.8,21,0.756,10.5,33.1,43.7,24.5,7.4,5.2,15.7,20,104.7,27,48,34,50,32,3.33,-0.57,2.76,109.9,106.5,3.4,98.1,0.242,0.292,0.561,0.53,12.4,21.9,0.182,0.516,14.1,76.2,0.184,11,0.585365854,0.707317073,0.463414634,0.5,0.58974359,0.380952381,0,6.25,0.62745098,0.511111111,1,0.1875,0.375,1.6875,2.125,259,1,0,0,0,0,5,0
2019,Phoenix Suns,West,40.1,87.4,0.459,9.6,29.3,0.329,30.5,58.1,0.525,17.6,22.7,0.779,9.1,31.3,40.4,23.9,9,5.1,15.6,23.6,107.5,42.5,88.2,0.482,11.1,29.9,0.372,31.3,58.2,0.538,20.8,27.6,0.753,11.8,35.3,47.2,25.9,9,5,15.7,20.7,116.8,24,19,63,19,63,-9.34,0.73,-8.61,105.9,115.1,-9.2,100.5,0.259,0.335,0.552,0.514,13.8,20.5,0.202,0.545,13.5,72.5,0.236,29,0.231707317,0.292682927,0.170731707,0.5,0.111111111,0.152173913,0,0,0.20754717,0.227272727,0,0,0,0,0.625,0,0,0,0,0,0,15,0
2019,Sacramento Kings,West,43.2,93.1,0.464,11.3,29.9,0.378,31.9,63.2,0.504,16.5,22.7,0.726,11,34.4,45.4,25.4,8.3,4.4,13.4,21.4,114.2,42.3,90.6,0.466,12,34.6,0.348,30.2,56,0.54,18.8,24.4,0.77,11.2,36.8,48,24.7,7.5,5.1,15.9,21.4,115.3,24.8,39,43,38,44,-1.12,0.31,-0.81,110.4,111.5,-1.1,103.1,0.244,0.321,0.554,0.524,11.5,23.1,0.177,0.533,13.6,75.5,0.207,19,0.475609756,0.585365854,0.365853659,0.461538462,0.470588235,0.311111111,0,0,0.509803922,0.434782609,0,0,0,0,0,0,0,0,0,0,0,9,0
2019,New Orleans Pelicans,West,43.7,92.2,0.473,10.3,29.9,0.344,33.4,62.4,0.536,17.8,23.4,0.761,11.1,36.2,47.3,27,7.4,5.4,14.8,21.1,115.4,43.3,92.8,0.466,12.3,33.7,0.364,31,59.1,0.525,17.9,23.5,0.764,11,34.8,45.8,26.5,8.6,5.4,13.6,21,116.8,25.7,33,49,38,44,-1.33,0.23,-1.1,111.4,112.6,-1.2,103.3,0.254,0.324,0.563,0.529,12.6,24.1,0.193,0.532,11.6,76.8,0.193,24,0.402439024,0.463414634,0.341463415,0.4,0.428571429,0.295454545,0,0,0.442307692,0.363636364,0,0.3125,0.3125,0.3125,0.3125,0,0,0,0,0,0,14,0
2019,Atlanta Hawks,East,41.4,91.8,0.451,13,37,0.352,28.4,54.8,0.518,17.6,23.4,0.752,11.6,34.5,46.1,25.8,8.2,5.1,17,23.6,113.3,42.8,90.5,0.473,12.4,34.4,0.359,30.4,56.1,0.543,21.5,28.3,0.758,10.6,35.4,46,26.9,9.9,5.5,15,22.2,119.4,25.1,29,53,27,55,-6.02,-0.04,-6.06,108.1,113.9,-5.8,103.9,0.255,0.403,0.555,0.522,14.3,24.7,0.192,0.541,12.8,76.4,0.237,26,0.353658537,0.414634146,0.292682927,0.6,0.184210526,0.2,0,0,0.32,0.391304348,0,0,0.375,1.1875,2.1875,0,0,0,0,0,0,12,0
2019,Boston Celtics,East,42.1,90.5,0.465,12.6,34.5,0.365,29.5,56,0.527,15.6,19.5,0.802,9.8,34.7,44.5,26.3,8.6,5.3,12.8,20.4,112.4,39.5,88.1,0.448,11.5,33.5,0.344,28,54.6,0.513,17.4,22.8,0.764,10.4,35.5,45.9,23.7,6.8,3.9,15.1,19.5,108,25.7,49,33,52,30,4.44,-0.54,3.9,112.2,107.8,4.4,99.6,0.215,0.381,0.567,0.534,11.5,21.6,0.173,0.514,13.4,77,0.198,9,0.597560976,0.682926829,0.512195122,0.454545455,0.666666667,0.404761905,0.3125,12.5,0.62745098,0.608695652,1,0.6875,1.375,1.5,3.875,413,2,0,0.085,2,1,4,0
2019,Charlotte Hornets,East,40.2,89.8,0.448,11.9,33.9,0.351,28.3,55.8,0.507,18.4,23.1,0.797,9.9,33.9,43.8,23.2,7.2,4.9,12.2,18.9,110.7,41.9,89.2,0.47,12.1,33.5,0.361,29.8,55.6,0.536,15.9,20.2,0.787,10.1,35.7,45.8,26,6.9,6,13.5,20.6,111.8,26.6,39,43,38,44,-1.1,-0.22,-1.32,111.4,112.5,-1.1,98.7,0.257,0.378,0.554,0.514,10.9,21.7,0.205,0.538,12.1,77.1,0.179,17,0.475609756,0.609756098,0.341463415,0.375,0.512195122,0.369565217,0,0,0.48,0.456521739,0,0,0.1875,0.1875,0.1875,0,0,0,0,0,0,9,0
2019,Utah Jazz,West,40.4,86.4,0.468,12.1,34,0.356,28.3,52.4,0.541,18.8,25.5,0.736,10,36.4,46.4,26,8.1,5.9,15.1,21.1,111.7,40,88.5,0.452,9.8,27.7,0.355,30.1,60.7,0.496,16.7,22.2,0.753,8.9,33.7,42.6,21.6,8.5,4.6,13.9,22.4,106.5,27.3,50,32,54,28,5.26,0.03,5.28,110.9,105.7,5.2,100.3,0.295,0.394,0.572,0.538,13.4,22.9,0.217,0.507,12.4,80.3,0.189,8,0.609756098,0.707317073,0.512195122,0,0.739130435,0.487804878,0.0625,6.25,0.557692308,0.711111111,1,0.3125,0.5625,0.5625,0.875,396,0,0,1.574,1,3,5,0
2019,Orlando Magic,East,40.4,89.1,0.454,11.4,32.1,0.356,29,57,0.509,15,19.2,0.782,10,35.4,45.4,25.5,6.6,5.4,13.2,18.6,107.3,39.9,87.6,0.456,10.5,30.2,0.347,29.5,57.4,0.513,16.3,20.9,0.778,9,35.6,44.6,23.1,7,4.4,13,18.7,106.6,25.7,42,40,43,39,0.71,-0.43,0.28,108.9,108.1,0.8,98.1,0.216,0.36,0.55,0.518,11.9,22,0.168,0.515,11.8,79.7,0.186,15,0.512195122,0.609756098,0.414634146,0.454545455,0.5,0.414634146,0.0625,6.25,0.403846154,0.565217391,1,0,0,0,1.625,85,0,0,0,0,0,7,0
2019,Miami Heat,East,39.6,88,0.45,11.3,32.4,0.349,28.3,55.6,0.509,15.1,21.7,0.695,11.2,35.1,46.3,24.3,7.6,5.5,14.7,20.9,105.7,38.3,86.8,0.441,11.9,33.1,0.358,26.4,53.6,0.493,17.5,22.7,0.769,10.1,34,44.2,23.3,7.5,4.7,14.1,20.1,105.9,27,39,43,40,42,-0.23,-0.22,-0.45,107.3,107.6,-0.3,98.2,0.247,0.368,0.542,0.515,13.1,24.8,0.172,0.51,12.7,77.6,0.201,18,0.475609756,0.463414634,0.487804878,0.4,0.444444444,0.369565217,0,0,0.489795918,0.468085106,0,0.0625,0.5,2.3125,4.4375,0,0,0,0,0,0,10,0
2019,Memphis Grizzlies,West,38,84.4,0.45,9.9,28.9,0.342,28.1,55.6,0.505,17.7,23,0.772,8.8,33,41.8,23.9,8.3,5.5,14,22,103.5,37.6,83.4,0.451,11.6,32.2,0.36,26,51.2,0.508,19.3,24.7,0.784,9.5,35.2,44.7,23.4,7.6,4.9,15.2,21.4,106.1,27.7,33,49,34,48,-2.6,0.51,-2.08,106.1,108.8,-2.7,96.6,0.272,0.342,0.548,0.508,12.9,20,0.21,0.521,13.9,77.6,0.232,23,0.402439024,0.512195122,0.292682927,0.4,0.424242424,0.369565217,0,0,0.384615385,0.326086957,0,0,0.125,1.1875,1.8125,0,0,0,0,0,0,13,0
2019,Golden State Warriors,West,44,89.8,0.491,13.3,34.4,0.385,30.8,55.3,0.557,16.3,20.4,0.801,9.7,36.5,46.2,29.4,7.6,6.4,14.3,21.4,117.7,40.4,91.1,0.444,11.6,33.6,0.347,28.8,57.5,0.5,18.7,24.2,0.773,10.8,33.5,44.3,24.3,7.7,3.6,13.5,19.5,111.2,28.4,57,25,56,26,6.46,-0.04,6.42,115.9,109.5,6.4,100.9,0.227,0.384,0.596,0.565,12.6,22.5,0.182,0.508,11.7,77.1,0.205,3,0.695121951,0.731707317,0.658536585,0.5,0.772727273,0.56097561,0.875,50,0.705882353,0.727272727,1,1,2.9375,4.5,4.5,801,23,5.256,2.491,20,7,1,1
2018,San Antonio Spurs,West,39,85.4,0.457,8.5,24.1,0.352,30.6,61.2,0.499,16.1,20.9,0.772,10.4,33.9,44.2,22.8,7.7,5.6,13.1,17.2,102.7,38.2,84.3,0.453,9.1,26.3,0.348,29,58,0.501,14.3,18.9,0.759,9.2,33.3,42.5,21.8,7.6,3.9,14.1,19.7,99.8,29.3,47,35,49,33,2.89,0,2.89,107.9,104.8,3.1,95,0.245,0.282,0.543,0.507,12.2,23.7,0.189,0.507,13.2,78.6,0.17,13,0.573170732,0.804878049,0.341463415,0.444444444,0.595238095,0.428571429,0.0625,6.25,0.641509434,0.488888889,1,0.5,1.0625,3.625,4.625,863,12,0.431,0.005,14,1,8,0
2018,Chicago Bulls,East,38.7,88.8,0.435,11,31.1,0.355,27.6,57.8,0.478,14.6,19.2,0.759,9.6,35,44.7,23.5,7.6,3.5,14,19.2,102.9,41,86.8,0.472,12.1,32.7,0.37,28.9,54.1,0.534,15.9,20.2,0.787,8.4,37.2,45.7,25.9,7.2,5.2,13.6,17.4,110,24.4,27,55,23,59,-7.04,0.2,-6.84,103.8,110.9,-7.1,98.3,0.216,0.35,0.529,0.497,12.6,20.6,0.164,0.542,12.4,80.6,0.184,24,0.329268293,0.414634146,0.243902439,0.642857143,0.166666667,0.18,0,0,0.352941176,0.304347826,0,0.125,0.5,1,1.8125,0,0,0,0,0,0,13,0
2018,Miami Heat,East,38.8,85.3,0.455,11,30.6,0.36,27.8,54.8,0.508,14.7,19.5,0.755,9.3,34.2,43.5,22.7,7.6,5.3,14.4,20.1,103.4,37.7,83.8,0.45,9.6,26.6,0.36,28.1,57.2,0.491,18,23,0.783,9.1,34,43.1,21,7.5,4.6,14.1,19.4,102.9,26.5,44,38,42,40,0.48,-0.33,0.15,106.8,106.3,0.5,95.6,0.229,0.358,0.551,0.52,13.3,21.5,0.173,0.507,13.1,79,0.215,15,0.536585366,0.634146341,0.43902439,0.5,0.551724138,0.454545455,0.0625,6.25,0.568627451,0.543478261,1,0,0.4375,3.25,4.375,291,3,0.796,0.332,9,3,6,0
2018,Atlanta Hawks,East,38.2,85.5,0.446,11.2,31,0.36,27,54.5,0.495,15.8,20.2,0.785,9.1,32.8,41.9,23.7,7.8,4.2,15.6,19.6,103.4,40.7,86.7,0.469,11.6,30.7,0.377,29.1,56,0.52,15.9,20.6,0.772,10.3,34,44.2,26.1,8.7,5.5,15.1,20.3,108.8,25.4,24,58,27,55,-5.45,0.15,-5.3,105,110.6,-5.6,98.3,0.236,0.363,0.547,0.512,14.1,21.1,0.185,0.536,13.6,76.2,0.183,27,0.292682927,0.390243902,0.195121951,0.428571429,0.186046512,0.26,0,0,0.294117647,0.304347826,0,0.125,0.875,1.3125,2.375,0,0,0,0,0,0,15,0
2018,Utah Jazz,West,38.3,82.9,0.462,10.8,29.6,0.366,27.5,53.3,0.515,16.8,21.5,0.779,9,34.2,43.3,22.4,8.6,5.1,14.7,19.6,104.1,37.3,83,0.449,9.5,26,0.365,27.8,57,0.488,15.8,20.5,0.771,8.7,33,41.6,20,8.3,4.6,14.9,20.5,99.8,26.7,48,34,53,29,4.3,0.17,4.47,108.4,103.9,4.5,95.7,0.26,0.357,0.564,0.527,13.7,21.5,0.202,0.506,14,79.8,0.19,11,0.585365854,0.682926829,0.487804878,0.444444444,0.62,0.5,0.3125,12.5,0.44,0.711111111,1,0.25,0.25,0.25,0.9375,120,0,0,0.611,1,1,6,0
2018,New York Knicks,East,40.7,87.7,0.464,8.2,23.3,0.352,32.5,64.4,0.504,14.9,19,0.787,10.5,33.6,44,23.3,6.7,5.1,14.7,20.5,104.5,39.4,86.3,0.457,11.2,30.4,0.368,28.2,55.9,0.505,18,23.2,0.774,10.2,33,43.2,24,8.2,4.7,13.4,18.4,108,26.3,29,53,32,50,-3.56,0.03,-3.53,107.1,110.7,-3.6,96.8,0.216,0.266,0.544,0.51,13.3,24.1,0.17,0.522,12.2,76.7,0.208,22,0.353658537,0.463414634,0.243902439,0.222222222,0.333333333,0.28,0,0,0.442307692,0.239130435,0,0,0,0.4375,0.4375,0,0,0,0,0,0,11,0
2018,Memphis Grizzlies,West,36.7,82.8,0.444,9.2,26.2,0.352,27.5,56.5,0.486,16.6,21.1,0.786,9.5,31,40.5,21.5,7.5,4.8,15,23.2,99.3,37.1,80.3,0.462,10.7,29,0.368,26.5,51.3,0.516,20.6,26.8,0.769,9.5,33,42.5,22.1,8.1,5.1,14.8,20.4,105.5,26,22,60,25,57,-6.21,0.39,-5.81,104.5,111,-6.5,94.9,0.255,0.317,0.539,0.5,14,22.4,0.201,0.529,13.8,76.5,0.256,29,0.268292683,0.390243902,0.146341463,0.294117647,0.235294118,0.245283019,0,0,0.36,0.222222222,0,0.125,0.5,1.375,1.8125,0,0,0,0,0,0,14,0
2018,Sacramento Kings,West,38.8,86.1,0.45,9,24,0.375,29.8,62.1,0.479,12.3,16.7,0.735,9.5,31.4,40.9,21.6,7.8,4.1,13.7,20,98.8,38.7,82.4,0.47,11.9,31.5,0.377,26.8,50.9,0.527,16.4,21.5,0.765,9.1,34.7,43.8,23.6,7.8,4.7,14.3,17.3,105.8,26.4,27,55,23,59,-6.99,0.39,-6.6,103.7,111.1,-7.4,94.9,0.194,0.278,0.529,0.502,12.8,21.5,0.143,0.542,13.5,77.6,0.199,25,0.329268293,0.341463415,0.317073171,0.545454545,0.135135135,0.245283019,0,0,0.32,0.326086957,0,0,0,0,0,0,0,0,0,0,0,12,0
2018,Dallas Mavericks,West,38.1,85.9,0.444,11.8,32.8,0.36,26.4,53.1,0.496,14.2,18.7,0.763,8.1,33.1,41.3,22.7,7,3.8,12.3,19.2,102.3,39.3,83.8,0.469,10.7,29.4,0.363,28.6,54.4,0.526,16.2,21.4,0.757,8.8,36.9,45.8,23.5,7.2,4.5,13.7,19.6,105.4,27.7,24,58,33,49,-3.04,0.34,-2.7,106.3,109.5,-3.2,95.6,0.217,0.382,0.544,0.513,11.6,18,0.166,0.532,12.9,78.9,0.193,28,0.292682927,0.365853659,0.219512195,0.181818182,0.35483871,0.264150943,0,0,0.307692308,0.25,0,0,0.125,0.3125,1.8125,0,0,0,0,0,0,13,0
2018,Los Angeles Lakers,West,40.7,88.4,0.461,10,29.1,0.345,30.7,59.3,0.517,16.6,23.3,0.714,10.7,35.7,46.4,23.8,7.7,4.7,15.8,21.2,108.1,41,89.9,0.456,10.4,30.1,0.346,30.6,59.8,0.512,17.1,22.5,0.761,10.2,34.6,44.8,23.6,8.3,5.5,14.3,20.5,109.6,23.7,35,47,37,45,-1.55,0.11,-1.44,106.5,108,-1.5,100.3,0.264,0.329,0.548,0.517,13.8,23.6,0.188,0.514,12.5,77.7,0.19,21,0.426829268,0.487804878,0.365853659,0.461538462,0.461538462,0.288461538,0,0,0.38,0.510638298,0,0,0,0.3125,3.4375,0,0,0,0,0,0,11,0
2018,Boston Celtics,East,38.3,85.1,0.45,11.5,30.4,0.377,26.9,54.7,0.491,16,20.7,0.771,9.4,35.1,44.5,22.5,7.4,4.5,14,19.7,104,37.4,85,0.44,9.4,27.7,0.339,28,57.4,0.488,16.3,21.3,0.763,9.6,34.2,43.8,21.3,7.2,4.4,14.1,19.2,100.4,24.7,55,27,51,31,3.59,-0.35,3.23,107.6,103.9,3.7,96,0.243,0.357,0.552,0.518,13,21.5,0.188,0.495,13,78.4,0.191,4,0.670731707,0.658536585,0.682926829,0.578947368,0.735294118,0.543478261,0.6875,25,0.711538462,0.595238095,1,0.5625,0.6875,1.5,4.1875,197,1,0,0.004,1,0,2,1
2018,Denver Nuggets,West,40.7,86.6,0.47,11.5,30.9,0.371,29.2,55.7,0.525,17.1,22.3,0.767,11,33.5,44.5,25.1,7.6,4.9,15,18.7,110,41.3,86.7,0.476,10.9,28.8,0.378,30.4,57.9,0.525,15,20.4,0.738,9.8,31.9,41.6,24.7,8,4.8,13.8,20.7,108.5,25.1,46,36,45,37,1.48,0.09,1.57,112.5,111,1.5,96.8,0.258,0.357,0.57,0.536,13.4,25.7,0.198,0.539,12.6,77.5,0.173,14,0.56097561,0.756097561,0.365853659,0.666666667,0.583333333,0.469387755,0,0,0.509803922,0.586956522,0,0,0,0.3125,1.125,0,0,0,0,0,0,9,0
2018,Minnesota Timberwolves,West,41,86.1,0.476,8,22.5,0.357,33,63.6,0.519,19.4,24.1,0.804,10.3,31.6,42,22.7,8.4,4.2,12.5,18.2,109.5,40.2,84.7,0.475,10.9,29.6,0.366,29.4,55,0.534,16,20.5,0.779,9.8,32,41.8,23.9,6.5,4.7,15.1,20.9,107.3,27.1,47,35,47,35,2.23,0.12,2.35,113.4,111.1,2.3,96,0.28,0.261,0.566,0.523,11.4,24.4,0.225,0.539,13.9,76.4,0.189,12,0.573170732,0.731707317,0.414634146,0.5,0.675675676,0.52,0.0625,6.25,0.592592593,0.533333333,1,0,0,0,0,313,0,0.981,0.019,2,3,7,0
2018,Washington Wizards,East,39.9,85.6,0.467,9.9,26.5,0.375,30,59.1,0.508,16.8,21.8,0.772,10,33.1,43.1,25.2,7.9,4.3,14.6,21.3,106.6,39,84.4,0.462,10.2,29.2,0.349,28.8,55.2,0.522,17.9,23.5,0.761,9.8,32.7,42.5,22.3,7.8,4.7,14.9,20,106,26.9,43,39,43,39,0.59,-0.06,0.53,109.3,108.7,0.6,96.6,0.254,0.31,0.56,0.525,13.3,23.5,0.196,0.522,13.6,77.1,0.212,17,0.524390244,0.56097561,0.487804878,0.416666667,0.647058824,0.489361702,0.125,6.25,0.56,0.488888889,1,0.4375,0.8125,1.1875,1.3125,357,1,0.008,0,1,1,8,0
2018,Brooklyn Nets,East,38.2,86.8,0.441,12.7,35.7,0.356,25.5,51.1,0.5,17.4,22.6,0.772,9.7,34.8,44.4,23.7,6.2,4.8,15.2,20.6,106.6,41.7,89.4,0.466,9,24.5,0.369,32.6,64.9,0.503,17.9,23.4,0.766,10.4,36.4,46.8,21.7,7.7,5.5,12.4,19.7,110.3,25.1,28,54,31,51,-3.74,0.07,-3.67,106.9,110.6,-3.7,98.9,0.26,0.411,0.551,0.514,13.6,21,0.201,0.517,11,77,0.201,23,0.341463415,0.365853659,0.317073171,0.416666667,0.25,0.24,0,0,0.365384615,0.326086957,0,0,0.125,0.625,0.625,0,0,0,0,0,0,12,0
2018,Milwaukee Bucks,East,39.7,83,0.478,8.8,24.7,0.355,31,58.3,0.531,18.3,23.4,0.783,8.4,31.5,39.8,23.2,8.8,5.4,13.8,21.4,106.5,39.1,83.7,0.468,10.1,27.1,0.372,29,56.6,0.513,18.4,23.5,0.783,10,32.8,42.7,23.6,7.1,4.5,15.6,19.9,106.8,25.9,44,38,40,42,-0.3,-0.15,-0.45,109.8,110.1,-0.3,96.2,0.281,0.297,0.571,0.531,12.9,20.4,0.22,0.528,14.2,75.9,0.22,16,0.536585366,0.609756098,0.463414634,0.636363636,0.466666667,0.369565217,0.1875,6.25,0.551020408,0.520833333,1,0.125,0.25,0.25,0.4375,296,2,0.007,0,1,1,7,0
2018,Orlando Magic,East,38.8,85.9,0.452,10.3,29.3,0.351,28.5,56.5,0.504,15.5,20.5,0.757,8.8,32.8,41.6,23.4,7.6,4.9,14.5,19.3,103.4,40.9,87.5,0.468,10,27.6,0.362,30.9,60,0.516,16.4,21.2,0.773,10.6,35.3,45.9,24.4,7.8,4.9,14.2,19,108.2,25.6,25,57,28,54,-4.82,-0.1,-4.92,105.2,110.1,-4.9,98.1,0.238,0.342,0.545,0.512,13.3,20,0.18,0.525,12.8,75.6,0.187,26,0.304878049,0.414634146,0.195121951,0.375,0.27027027,0.224489796,0,0,0.3,0.288888889,0,0,0,0.0625,1.9375,0,0,0,0,0,0,14,0
2018,Detroit Pistons,East,39.1,86.9,0.45,10.8,28.9,0.373,28.3,58,0.488,14.7,19.8,0.745,10.1,33.6,43.7,22.8,7.7,3.9,13.5,18.4,103.8,39.1,85.2,0.459,11.1,30.8,0.359,28,54.4,0.515,14.6,18.9,0.776,9.2,34.5,43.8,25.2,7.3,4.9,14.8,18.4,103.9,25.9,39,43,41,41,-0.15,-0.11,-0.26,107.2,107.3,-0.1,96.2,0.227,0.333,0.543,0.512,12.3,22.7,0.169,0.524,13.7,78.5,0.172,19,0.475609756,0.609756098,0.341463415,0.363636364,0.452380952,0.352941176,0,0,0.469387755,0.404255319,0,0,0,0,0.625,0,0,0,0,0,0,9,0
2018,Oklahoma City Thunder,West,39.9,88.1,0.453,10.7,30.4,0.354,29.1,57.7,0.505,17.3,24.2,0.716,12.5,32.6,45.1,21.3,9.1,5,14,20.2,107.9,38.5,84,0.458,11.2,30.6,0.367,27.3,53.4,0.511,16.2,21.1,0.769,9.5,32.6,42.2,23.3,7.7,4.6,16,21.3,104.4,27.3,48,34,50,32,3.41,0,3.42,110.7,107.2,3.5,96.7,0.275,0.345,0.546,0.514,12.4,27.7,0.197,0.525,14.7,77.4,0.193,10,0.585365854,0.658536585,0.512195122,0.444444444,0.685714286,0.530612245,0.125,6.25,0.588235294,0.622222222,1,0.0625,0.75,2.5,3.1875,389,1,2.01,0.149,15,3,5,0
2018,Indiana Pacers,East,40.8,86.4,0.472,9,24.5,0.369,31.8,61.9,0.513,14.9,19.2,0.779,9.6,32.7,42.3,22.2,8.8,4.1,13.3,18.8,105.6,39.4,84.8,0.465,10.6,30.4,0.349,28.8,54.4,0.53,14.8,19.5,0.757,10.2,32.8,43,23.2,7,5.2,15.5,18.5,104.2,26.2,48,34,45,37,1.38,-0.2,1.18,109.5,108.1,1.4,96,0.222,0.284,0.557,0.525,12.3,22.7,0.173,0.527,14.2,76.2,0.174,8,0.585365854,0.658536585,0.512195122,0.846153846,0.555555556,0.5,0.1875,6.25,0.557692308,0.644444444,1,0,0.1875,1.875,1.9375,247,1,0,0,0,0,5,0
2018,Philadelphia 76ers,East,40.8,86.6,0.472,11,29.8,0.369,29.9,56.7,0.526,17.1,22.8,0.752,10.9,36.5,47.4,27.1,8.3,5.1,16.5,22.1,109.8,38,87.6,0.434,10.1,29.6,0.342,27.9,58,0.482,19.1,25.6,0.745,10,32.2,42.2,21.7,8.5,5.1,14.3,20.4,105.3,25.8,52,30,53,29,4.5,-0.2,4.3,109.5,105,4.5,99.8,0.263,0.344,0.568,0.535,14.6,25.3,0.198,0.492,12.6,78.6,0.218,5,0.634146341,0.731707317,0.536585366,0.363636364,0.738095238,0.510638298,0.3125,12.5,0.5,0.760869565,1,0,0,0.4375,0.75,235,1,0,0.008,0,0,3,1
2018,Toronto Raptors,East,41.3,87.4,0.472,11.8,33,0.358,29.5,54.4,0.541,17.3,21.8,0.794,9.8,34.2,44,24.3,7.6,6.1,13.4,21.7,111.7,38.4,85.6,0.449,8.9,25,0.357,29.5,60.6,0.486,18.2,23.7,0.767,9.8,32.6,42.4,21.8,7.2,4.9,14.3,19.9,103.9,25.8,59,23,60,22,7.78,-0.49,7.29,113.8,105.9,7.9,97.4,0.25,0.377,0.575,0.539,12.1,23,0.198,0.501,13,77.7,0.212,2,0.719512195,0.829268293,0.609756098,0.416666667,0.868421053,0.533333333,0.25,12.5,0.693877551,0.729166667,1,0.25,0.875,1.0625,1.125,327,0,0.006,0.838,2,3,1,1
2018,New Orleans Pelicans,West,42.7,88.3,0.483,10.2,28.2,0.362,32.5,60.1,0.54,16.1,20.9,0.772,8.7,35.7,44.3,26.8,8,5.9,14.9,19.1,111.7,41.7,91.9,0.454,10.9,30.6,0.355,30.9,61.3,0.503,16.1,20.5,0.784,10.8,34.7,45.5,23.7,8.2,4.2,14.5,20.4,110.4,27.6,48,34,44,38,1.3,0.18,1.48,109.6,108.3,1.3,100.5,0.237,0.319,0.573,0.541,13.3,20,0.183,0.513,12.5,76.7,0.175,9,0.585365854,0.585365854,0.585365854,0.7,0.542857143,0.48,0.3125,12.5,0.54,0.652173913,1,0,0,0,0,215,2,0.172,0.409,3,6,4,0
2018,Golden State Warriors,West,42.8,85.1,0.503,11.3,28.9,0.391,31.5,56.2,0.56,16.6,20.3,0.815,8.4,35.1,43.5,29.3,8,7.5,15.5,19.6,113.5,40.2,90,0.447,10.4,29.2,0.357,29.8,60.8,0.49,16.7,22,0.758,10.9,31.6,42.5,23.6,8.7,3.7,14.3,18.5,107.5,28.8,58,24,56,26,5.98,-0.19,5.79,113.6,107.6,6,99.6,0.239,0.339,0.603,0.569,14.1,21,0.195,0.504,12.6,76.3,0.186,3,0.707317073,0.707317073,0.707317073,0.833333333,0.745098039,0.612244898,1,100,0.784313725,0.644444444,1,1,2.9375,3.5,3.5,765,16,5.186,2.28,15,5,2,1
2018,Phoenix Suns,West,38.5,87.1,0.442,9.3,27.9,0.334,29.1,59.2,0.492,17.7,23.9,0.741,10.3,33.9,44.1,21.3,6.9,4.5,15.7,22,103.9,41.8,88.7,0.471,10.9,29.2,0.373,30.9,59.5,0.519,18.8,24.6,0.766,10.4,35.4,45.9,23.3,8.7,6,13.4,20.9,113.3,23.7,21,61,19,63,-9.37,0.57,-8.8,103.5,112.8,-9.3,100.3,0.275,0.32,0.532,0.495,13.9,22.5,0.203,0.533,11.9,76.5,0.212,30,0.256097561,0.243902439,0.268292683,0.545454545,0.111111111,0.132075472,0,0,0.346153846,0.159090909,0,0,0,0,0.6875,0,0,0,0,0,0,15,0
2018,Houston Rockets,West,38.7,84.2,0.46,15.3,42.3,0.362,23.4,41.9,0.558,19.6,25.1,0.781,9,34.5,43.5,21.5,8.5,4.8,13.8,19.5,112.4,39.6,85.6,0.462,10.1,28.8,0.351,29.5,56.7,0.519,14.6,19.6,0.746,8.7,33.4,42,22.4,7.4,4.4,14.6,20.4,103.9,29.8,65,17,61,21,8.48,-0.27,8.21,114.7,106.1,8.6,97.6,0.298,0.502,0.59,0.551,12.7,21.3,0.233,0.521,13.4,79.9,0.171,1,0.792682927,0.829268293,0.756097561,0.625,0.826086957,0.755102041,0.6875,25,0.734693878,0.829787234,1,0.375,1,1.25,1.8125,590,1,3.211,0.226,13,9,1,1
2018,Cleveland Cavaliers,East,40.4,84.8,0.476,12,32.1,0.372,28.4,52.6,0.54,18.1,23.3,0.779,8.5,33.7,42.1,23.4,7.1,3.8,13.7,18.6,110.9,41.8,88.3,0.474,11.7,31.7,0.368,30.2,56.6,0.533,14.6,19.4,0.756,9.9,33.7,43.6,25.9,7.5,4.1,13.5,20.7,109.9,30.6,50,32,43,39,0.94,-0.35,0.59,112.9,111.9,1,98,0.275,0.379,0.584,0.547,12.6,20.1,0.214,0.54,12.2,77.3,0.166,6,0.609756098,0.707317073,0.512195122,0.615384615,0.459459459,0.488888889,0.75,50,0.6,0.565217391,1,0.8125,2.6875,2.6875,4.125,691,6,7.406,0.886,15,6,4,0
2018,Los Angeles Clippers,West,40.3,85.4,0.471,9.5,26.8,0.354,30.8,58.6,0.525,19,25.5,0.743,10.1,33.7,43.9,22.3,7.7,4.5,14.7,20,109,40.2,87.7,0.458,10.7,30.2,0.356,29.5,57.5,0.512,17.8,22.7,0.782,10.6,33,43.6,24.6,8.5,5.6,14.1,22,109,27,42,40,41,41,0.04,0.11,0.15,110.3,110.2,0.1,98.7,0.299,0.314,0.564,0.527,13.2,23.5,0.222,0.52,12.6,76.1,0.203,18,0.512195122,0.536585366,0.487804878,0.8,0.536585366,0.326530612,0,0,0.5,0.553191489,0,0.1875,0.75,1.5,1.5,0,0,0,0,0,0,10,0
2018,Charlotte Hornets,East,39,86.7,0.45,10,27.2,0.369,28.9,59.4,0.487,20.2,27,0.747,10.1,35.4,45.5,21.6,6.8,4.5,12.7,17.2,108.2,41.1,87.8,0.468,11.3,30.1,0.375,29.8,57.7,0.516,14.5,18.2,0.795,8.4,35.3,43.7,24.7,6.6,4.9,13.6,22.4,108,26.6,36,46,42,40,0.26,-0.19,0.07,109.4,109.1,0.3,98.4,0.312,0.314,0.549,0.508,11.4,22.2,0.233,0.532,12.4,80.7,0.165,20,0.43902439,0.512195122,0.365853659,0.166666667,0.5,0.26,0,0,0.42,0.5,0,0,0.1875,0.1875,0.1875,0,0,0,0,0,0,10,0
2018,Portland Trail Blazers,West,39.3,87,0.452,10.3,28.1,0.366,29,58.8,0.493,16.7,20.9,0.8,10.2,35.3,45.5,19.5,7,5.2,13.5,19.5,105.6,38.4,85.9,0.447,9.7,26.6,0.364,28.7,59.3,0.484,16.6,22,0.755,9.3,33.6,42.9,20.2,7.3,5.1,12.6,19.1,103,25.6,49,33,48,34,2.6,0,2.6,109.1,106.4,2.7,96.5,0.24,0.324,0.549,0.511,12.3,23.3,0.192,0.503,11.7,79.1,0.193,7,0.597560976,0.682926829,0.512195122,0.5,0.625,0.48,0,6.25,0.568627451,0.659574468,1,0,0.375,0.6875,1.0625,193,0,0.02,0,2,0,3,1
2017,Sacramento Kings,West,37.9,82.1,0.461,9,23.9,0.376,28.9,58.2,0.496,18.1,23.3,0.775,8.7,32.3,41.1,22.5,7.6,4,14.6,20.3,102.8,38.5,83.2,0.462,10.9,30,0.364,27.5,53.2,0.517,18.9,24.2,0.778,10.1,32.8,42.9,23.7,8.5,5.1,14,20.1,106.7,27.9,32,50,31,51,-3.88,0.58,-3.29,107.3,111.3,-4,94.9,0.284,0.291,0.556,0.516,13.7,21,0.22,0.528,12.9,76.3,0.227,23,0.390243902,0.414634146,0.365853659,0.625,0.25,0.25,0,0,0.387755102,0.367346939,0,0,0,0,0,0,0,0,0,0,0,12,0
2017,Los Angeles Clippers,West,39.5,83.2,0.475,10.3,27.4,0.375,29.3,55.8,0.525,19.3,26,0.745,9,34,43,22.5,7.5,4.2,13,19.8,108.7,38.6,85.4,0.452,9.2,26.3,0.35,29.4,59.1,0.497,18,23.4,0.772,10.2,32.9,43.1,23.1,7,3.1,13.2,22.4,104.4,30,51,31,52,30,4.29,0.13,4.42,112.7,108.2,4.5,96.1,0.312,0.329,0.574,0.537,12,21.5,0.233,0.506,12.1,76.9,0.211,6,0.62195122,0.707317073,0.536585366,0.333333333,0.70212766,0.590909091,0.1875,6.25,0.625,0.630434783,1,0.125,0.9375,1.3125,1.3125,655,2,2.034,0.872,18,10,4,0
2017,Portland Trail Blazers,West,39.5,86.1,0.459,10.4,27.7,0.375,29.2,58.4,0.499,18.5,23.7,0.78,10.1,33.5,43.7,21.1,7,5,13.7,21.2,107.9,39.2,86.2,0.455,9.3,25.1,0.37,29.9,61.1,0.489,20.8,26.5,0.785,10.1,33.9,44,20.6,7.7,5.3,12.8,19.8,108.5,24.8,41,41,40,42,-0.52,0.3,-0.23,110.3,110.8,-0.5,96.7,0.275,0.322,0.559,0.52,12.5,23,0.214,0.508,11.6,76.8,0.241,16,0.5,0.609756098,0.390243902,0.388888889,0.529411765,0.395348837,0,6.25,0.44,0.574468085,1,0.3125,0.6875,0.8125,1.0625,150,0,0.02,0,2,0,8,0
2017,Detroit Pistons,East,39.9,88.8,0.449,7.7,23.4,0.33,32.2,65.5,0.492,13.9,19.3,0.719,11.1,34.6,45.7,21.1,7,3.8,11.9,17.9,101.3,38.3,83.3,0.46,9.4,25.6,0.366,29,57.7,0.502,16.4,21,0.78,8,34.9,42.9,23.5,6.7,4.1,12.8,17.5,102.5,25.4,37,45,38,44,-1.12,-0.17,-1.29,106,107.1,-1.1,95,0.218,0.263,0.521,0.492,10.9,24.1,0.157,0.516,12.1,81.2,0.197,19,0.451219512,0.585365854,0.317073171,0.416666667,0.469387755,0.36,0,0,0.4375,0.468085106,0,0,0,0,1.25,0,0,0,0,0,0,10,0
2017,Milwaukee Bucks,East,38.8,81.9,0.474,8.8,23.7,0.37,30,58.2,0.516,17.2,22.4,0.768,8.8,31.6,40.4,24.2,8.1,5.3,14,20.2,103.6,38,83,0.458,10,28.2,0.353,28,54.8,0.512,17.9,23.2,0.771,10.3,32.1,42.5,24.1,7.4,4.6,14.7,19.3,103.8,25.6,42,40,40,42,-0.18,-0.26,-0.45,109.1,109.3,-0.2,94.5,0.274,0.29,0.565,0.527,13.2,21.5,0.21,0.518,13.6,75.4,0.215,14,0.512195122,0.56097561,0.463414634,0.8,0.488372093,0.425531915,0.125,6.25,0.446808511,0.52,1,0,0.125,0.125,0.3125,261,2,0,0.002,0,0,7,0
2017,Miami Heat,East,39,85.8,0.455,9.9,27,0.365,29.2,58.8,0.496,15.2,21.6,0.706,10.6,33,43.6,21.2,7.2,5.7,13.4,20.5,103.2,37.9,84.2,0.45,7.8,22.7,0.343,30.1,61.5,0.49,18.5,23.7,0.782,10.2,33.4,43.6,19.6,6.8,4.9,13.7,18.7,102.1,26.5,41,41,44,38,1.06,-0.29,0.77,107.8,106.7,1.1,95.2,0.251,0.314,0.541,0.512,12.4,24.2,0.177,0.496,12.6,76.4,0.22,17,0.5,0.56097561,0.43902439,0.571428571,0.59375,0.456521739,0,0,0.387755102,0.645833333,0,0.4375,1.25,4.125,4.375,0,0,0,0,0,0,9,0
2017,Indiana Pacers,East,39.3,84.5,0.465,8.6,23,0.376,30.6,61.5,0.498,17.9,22.1,0.81,9,33,42,22.5,8.2,5,13.8,19.5,105.1,38,84.3,0.451,10.4,29.1,0.355,27.6,55.1,0.501,19,24.1,0.789,10.7,33.5,44.3,22.3,8.1,5,14.9,19.5,105.3,27,42,40,40,42,-0.22,-0.42,-0.64,108.6,108.8,-0.2,95.9,0.261,0.272,0.558,0.516,12.8,21.2,0.212,0.512,13.6,75.5,0.225,13,0.512195122,0.707317073,0.317073171,0.666666667,0.547619048,0.409090909,0,6.25,0.531914894,0.541666667,1,0.1875,0.8125,1.9375,1.9375,349,0,0.026,0.142,3,3,6,0
2017,New Orleans Pelicans,West,39.1,87,0.45,9.4,26.8,0.35,29.8,60.2,0.495,16.7,22.3,0.75,8.6,35.1,43.7,22.8,7.8,5.5,12.9,18.2,104.3,40.1,89,0.45,10.5,29.8,0.353,29.5,59.2,0.499,15.8,20.7,0.762,10.6,37.7,48.3,23.4,7.4,4.2,14,19.3,106.4,25.7,34,48,35,47,-2.1,0.41,-1.69,105.2,107.4,-2.2,98,0.256,0.308,0.539,0.504,11.7,18.5,0.192,0.509,12.4,76.8,0.177,21,0.414634146,0.512195122,0.317073171,0.538461538,0.435897436,0.291666667,0,0,0.387755102,0.425531915,0,0,0,0,0,0,0,0,0,0,0,10,0
2017,Phoenix Suns,West,39.9,88.5,0.45,7.5,22.6,0.332,32.4,65.9,0.491,20.4,26.3,0.776,11.9,33.1,45,19.6,8.2,4.9,15.4,24.8,107.7,40.2,86.2,0.467,10.1,26.3,0.382,30.2,59.9,0.504,22.8,29.1,0.783,10.2,33.8,44,22.2,8.1,5.3,14.9,22.2,113.3,25,24,58,27,55,-5.63,0.49,-5.14,106.6,112.2,-5.6,100.3,0.297,0.255,0.538,0.493,13.4,26,0.231,0.525,13.1,76.4,0.264,29,0.292682927,0.365853659,0.219512195,0.642857143,0.179487179,0.234042553,0,0,0.3125,0.291666667,0,0,0,0,1.0625,0,0,0,0,0,0,15,0
2017,Dallas Mavericks,West,36.2,82.3,0.44,10.7,30.2,0.355,25.5,52.2,0.489,14.8,18.5,0.801,7.9,30.7,38.6,20.8,7.5,3.7,11.9,19.1,97.9,37,79,0.469,9.6,25.3,0.38,27.4,53.7,0.51,17.2,22.3,0.772,8.9,35.6,44.5,21.3,6.5,3.4,14.9,19.4,100.8,27.6,33,49,33,49,-2.93,0.4,-2.53,105.6,108.8,-3.2,92.2,0.225,0.366,0.541,0.505,11.6,18.1,0.18,0.529,14.4,77.6,0.218,22,0.402439024,0.512195122,0.292682927,0.4,0.35,0.375,0,0,0.375,0.479166667,0,0.0625,0.3125,1.3125,1.9375,0,0,0,0,0,0,11,0
2017,New York Knicks,East,39.6,88.5,0.447,8.6,24.7,0.348,31,63.8,0.485,16.6,21.1,0.788,12,33.2,45.2,21.8,7.1,5.5,13.9,20.3,104.3,39.7,87.4,0.455,9.8,28.2,0.348,29.9,59.1,0.506,18.7,24.2,0.771,11.6,33.1,44.7,21.8,7.5,4.6,12.9,18.5,108,27.3,31,51,31,51,-3.67,-0.2,-3.87,107.7,111.5,-3.8,96,0.239,0.279,0.534,0.496,12.4,26.6,0.188,0.511,11.7,74.1,0.214,25,0.37804878,0.463414634,0.292682927,0.411764706,0.285714286,0.285714286,0,0,0.42,0.306122449,0,0,0,0.4375,0.4375,0,0,0,0,0,0,12,0
2017,Atlanta Hawks,East,38.1,84.4,0.451,8.9,26.1,0.341,29.2,58.3,0.501,18.1,24.9,0.728,10.3,34.1,44.3,23.6,8.2,4.8,15.8,18.2,103.2,38.8,87.3,0.444,10.9,30.5,0.357,27.9,56.7,0.491,15.6,20.2,0.772,10.7,33.2,43.9,23.4,9,5.2,15.4,21.6,104,27.9,43,39,39,43,-0.85,-0.38,-1.23,104.9,105.7,-0.8,97.4,0.295,0.309,0.541,0.504,14.2,23.6,0.215,0.507,13.8,76.1,0.179,11,0.524390244,0.56097561,0.487804878,0.466666667,0.447368421,0.511111111,0.125,6.25,0.583333333,0.530612245,1,0.25,0.9375,1.5625,2.25,433,0,1.25,3.314,8,7,5,0
2017,Philadelphia 76ers,East,37.7,85.3,0.442,10.1,29.8,0.34,27.5,55.5,0.496,17,22,0.771,9.8,33,42.8,23.8,8.4,5.1,16.7,21.9,102.4,39.6,85.9,0.461,8.9,24.9,0.357,30.7,61,0.503,20.1,26,0.773,10.8,34.2,45,22.7,8.6,5.4,15.1,19.6,108.1,24.6,28,54,26,56,-5.7,-0.14,-5.83,103.2,108.9,-5.7,98.5,0.258,0.349,0.539,0.501,14.9,22.4,0.199,0.512,13.5,75.3,0.234,27,0.341463415,0.414634146,0.268292683,0.529411765,0.194444444,0.24,0,0,0.382978723,0.4,0,0,0,0.5,0.75,0,0,0,0,0,0,14,0
2017,Orlando Magic,East,38.3,87,0.44,8.5,26.1,0.328,29.7,60.9,0.488,16,21.4,0.747,9.8,33.3,43.2,22.2,7.1,4.8,13.3,19.3,101.1,40.3,86.4,0.467,9.7,26.4,0.367,30.6,60,0.51,17.4,22.7,0.766,9.7,35.8,45.5,23.6,7.6,5.1,13,18.7,107.6,25.3,29,53,24,58,-6.57,-0.04,-6.61,103.7,110.5,-6.8,96.8,0.246,0.3,0.524,0.489,12.1,21.6,0.184,0.523,11.9,77.4,0.201,26,0.353658537,0.390243902,0.317073171,0.5,0.238095238,0.306122449,0,0,0.38,0.291666667,0,0,0,0.1875,1.9375,0,0,0,0,0,0,13,0
2017,Utah Jazz,West,37,79.5,0.466,9.6,26,0.372,27.3,53.5,0.511,17.1,22.9,0.747,9.4,33.8,43.2,20.1,6.7,5,13.6,18.8,100.7,36.3,82,0.443,8.2,22.9,0.358,28.1,59.1,0.476,16,20.7,0.769,9,31.1,40.2,17.8,7.3,3.8,12.1,20.2,96.8,26.8,51,31,52,30,3.94,0.06,4,109.6,105.3,4.3,91.6,0.288,0.327,0.563,0.526,13.2,23.2,0.215,0.493,11.8,78.9,0.195,8,0.62195122,0.707317073,0.536585366,0.5,0.696969697,0.431818182,0.25,12.5,0.612244898,0.625,1,0,0,0,1.25,313,1,0.002,0.071,1,0,5,0
2017,Chicago Bulls,East,38.6,87.1,0.444,7.6,22.3,0.34,31,64.8,0.479,18,22.5,0.798,12.2,34.1,46.3,22.6,7.8,4.8,13.6,17.7,102.9,39.5,86.6,0.456,8.9,25.9,0.345,30.5,60.7,0.503,14.6,19,0.77,10.3,32.9,43.2,23.6,7.3,4.6,13.4,18.8,102.4,26.9,41,41,42,40,0.43,-0.39,0.03,107.4,107,0.4,95.3,0.259,0.256,0.53,0.487,12.3,27,0.206,0.507,12.4,76.8,0.169,15,0.5,0.609756098,0.390243902,0.454545455,0.425,0.47826087,0.125,6.25,0.489795918,0.520833333,1,0,0.4375,1.4375,2.0625,355,4,0.808,0.395,9,9,8,0
2017,Memphis Grizzlies,West,36.4,83.6,0.435,9.4,26.5,0.354,27,57.1,0.473,18.3,23.4,0.784,10.8,32,42.8,21.3,8,4.2,12.9,22.4,100.5,34.9,78.8,0.443,9.9,28,0.354,25,50.8,0.492,20.2,26.9,0.753,9.3,32.8,42.1,20.1,7,5,14.3,20.8,100,29.5,43,39,42,40,0.49,0.47,0.96,107.7,107.1,0.6,92.3,0.28,0.316,0.535,0.491,12.1,24.8,0.219,0.506,13.6,77.5,0.256,12,0.524390244,0.585365854,0.463414634,0.583333333,0.459459459,0.444444444,0.125,6.25,0.58,0.456521739,1,0,0.5625,1.6875,1.6875,278,0,0.055,0.38,5,2,7,0
2017,Minnesota Timberwolves,West,39.5,84.4,0.467,7.3,21,0.349,32.1,63.4,0.507,19.3,24.2,0.799,11.4,31,42.4,23.7,8,4.5,14,20.1,105.6,39.6,83.3,0.475,9.9,27,0.366,29.7,56.3,0.528,17.6,22.9,0.768,9.8,30.6,40.4,23.1,7.7,5,14.3,20.5,106.7,24,31,51,38,44,-1.11,0.47,-0.64,110.8,112,-1.2,94.6,0.287,0.249,0.555,0.511,12.9,27.2,0.229,0.535,13.2,75.9,0.212,24,0.37804878,0.487804878,0.268292683,0.411764706,0.486486486,0.326530612,0,0,0.395833333,0.408163265,0,0,0,0,0,0,0,0,0,0,0,13,0
2017,Los Angeles Lakers,West,39.3,87.4,0.45,8.9,25.7,0.346,30.4,61.6,0.493,17,22.6,0.754,11.4,32.1,43.5,20.9,8.2,3.9,15.2,20.7,104.6,41.5,86,0.483,10.1,27.4,0.37,31.4,58.6,0.536,18.3,24,0.762,10.3,34.2,44.4,25.7,8.5,5.4,14.5,18.5,111.5,25.1,26,56,24,58,-6.88,0.58,-6.29,106,113,-7,98.5,0.259,0.295,0.537,0.501,13.5,25,0.195,0.542,13,75.8,0.213,28,0.317073171,0.414634146,0.219512195,0.333333333,0.311111111,0.276595745,0,0,0.333333333,0.304347826,0,0,0,0.5625,3.5,0,0,0,0,0,0,14,0
2017,Oklahoma City Thunder,West,39.5,87.4,0.452,8.4,25.8,0.327,31,61.6,0.504,19.2,25.8,0.745,12.2,34.4,46.6,21,7.9,5,15,20.9,106.6,39.2,85.3,0.459,8.8,24.8,0.356,30.4,60.5,0.502,18.6,24.3,0.764,9.1,31.5,40.6,21.4,8.5,5.5,13.8,20.7,105.8,24.7,47,35,43,39,0.76,0.39,1.14,108.3,107.5,0.8,97.8,0.295,0.295,0.54,0.5,13.2,27.9,0.22,0.511,12.5,79,0.218,10,0.573170732,0.682926829,0.463414634,0.631578947,0.522727273,0.466666667,0.0625,6.25,0.571428571,0.541666667,1,0.6875,1.3125,3,3.125,289,2,0.652,0.007,5,0,6,0
2017,Brooklyn Nets,East,37.8,85.2,0.444,10.7,31.6,0.338,27.1,53.6,0.506,19.4,24.6,0.788,8.8,35.1,43.9,21.4,7.2,4.7,16.5,21,105.8,41.6,90.8,0.458,10,27.2,0.366,31.7,63.6,0.498,19.3,25,0.772,11,36.2,47.2,23,9.5,5.6,13.3,20.4,112.5,26,20,62,24,58,-6.73,-0.01,-6.74,104.1,110.7,-6.6,101.3,0.289,0.371,0.551,0.507,14.7,19.6,0.228,0.513,11.6,76.1,0.212,30,0.243902439,0.317073171,0.170731707,0.333333333,0.230769231,0.12,0,0,0.1875,0.24,0,0,0.4375,0.625,0.625,0,0,0,0,0,0,15,0
2017,Houston Rockets,West,40.3,87.2,0.462,14.4,40.3,0.357,25.9,46.9,0.552,20.3,26.5,0.766,10.9,33.5,44.4,25.2,8.2,4.3,15.1,19.9,115.3,41.2,88.9,0.463,10,29.1,0.343,31.2,59.7,0.522,17.3,22.2,0.778,10.7,33.4,44.1,24.1,8.5,5,15.1,20.4,109.6,27.4,55,27,55,27,5.77,0.08,5.84,114.7,109,5.7,100,0.304,0.462,0.583,0.545,13.3,24.6,0.233,0.519,13.2,75.8,0.194,3,0.670731707,0.731707317,0.609756098,0.727272727,0.731707317,0.465116279,0.375,12.5,0.692307692,0.617021277,1,0.0625,0.75,0.875,1.625,325,1,0.822,0.025,3,1,3,1
2017,Charlotte Hornets,East,37.7,85.4,0.442,10,28.6,0.351,27.7,56.7,0.488,19.4,23.8,0.815,8.8,34.8,43.6,23.1,7,4.8,11.5,16.6,104.9,39.5,86.5,0.456,11.6,31.4,0.369,27.9,55.1,0.506,14.2,18.2,0.776,8.9,35.5,44.4,24.5,6.6,5.5,13.1,19.9,104.7,26.5,36,46,42,40,0.2,-0.26,-0.07,108.8,108.6,0.2,95.7,0.279,0.335,0.547,0.501,10.7,19.9,0.227,0.523,12.1,79.6,0.164,20,0.43902439,0.536585366,0.341463415,0,0.513513514,0.34,0,0,0.469387755,0.354166667,0,0.1875,0.1875,0.1875,0.1875,0,0,0,0,0,0,11,0
2017,Toronto Raptors,East,39.2,84.4,0.464,8.8,24.3,0.363,30.3,60,0.505,19.7,24.7,0.796,10.6,32.6,43.3,18.5,8.3,4.9,12.7,20.8,106.9,37.2,82.9,0.449,9.7,27.3,0.354,27.5,55.6,0.495,18.5,23.8,0.78,10.1,31.9,42.1,21.8,6.7,4.8,14.6,20.3,102.6,26.1,51,31,52,30,4.21,-0.56,3.65,112.3,107.8,4.5,94.7,0.293,0.289,0.561,0.517,11.8,25,0.233,0.507,13.5,76.3,0.223,7,0.62195122,0.682926829,0.56097561,0.533333333,0.764705882,0.545454545,0.25,12.5,0.612244898,0.58,1,0.625,0.8125,0.8125,1,358,1,0.005,0.85,1,3,3,1
2017,Washington Wizards,East,41.3,87,0.475,9.2,24.8,0.372,32.1,62.3,0.515,17.3,22.1,0.784,10.3,32.6,42.9,23.9,8.5,4.1,14.2,21.3,109.2,39.7,85.1,0.466,9.9,27.1,0.364,29.8,58,0.514,18.2,24.2,0.751,10.6,32.5,43,22.8,7.4,4.6,15.3,19.8,107.4,26,49,33,46,36,1.8,-0.45,1.36,111.2,109.3,1.9,97.4,0.254,0.284,0.564,0.528,12.8,24.1,0.199,0.524,13.8,75.5,0.213,9,0.597560976,0.731707317,0.463414634,0.6,0.6,0.47826087,0.4375,12.5,0.583333333,0.66,1,0,0.75,0.75,0.875,204,1,0,0,0,1,4,0
2017,San Antonio Spurs,West,39.3,83.7,0.469,9.2,23.5,0.391,30.1,60.2,0.5,17.6,22,0.797,10,33.9,43.9,23.8,8,5.9,13.4,18.3,105.3,37,83.4,0.443,8.1,23.7,0.344,28.8,59.7,0.483,16,20.8,0.771,9.8,31.7,41.5,21.4,7.5,4.1,14.4,19.8,98.1,29.6,61,21,60,22,7.2,-0.06,7.13,111.1,103.5,7.6,94.2,0.263,0.281,0.564,0.524,12.6,24,0.21,0.492,13.5,77.6,0.192,2,0.743902439,0.756097561,0.731707317,0.615384615,0.789473684,0.659090909,0.5,25,0.770833333,0.693877551,1,0.375,1.5625,3.25,5.125,889,16,0.917,1.377,16,3,2,1
2017,Cleveland Cavaliers,East,39.9,84.9,0.47,13,33.9,0.384,26.9,51,0.528,17.5,23.3,0.748,9.3,34.4,43.7,22.7,6.6,4,13.7,18.1,110.3,40.6,88.8,0.458,10.4,28.7,0.361,30.3,60.1,0.504,15.5,20,0.773,11,33.2,44.2,24.7,7.3,4.3,12.6,20.6,107.2,29.2,51,31,49,33,3.18,-0.31,2.87,113.6,110.3,3.3,96.2,0.275,0.399,0.58,0.547,12.6,21.9,0.206,0.516,11.4,75.8,0.174,5,0.62195122,0.756097561,0.487804878,0.428571429,0.625,0.468085106,0.8125,50,0.680851064,0.52,1,1,1.875,1.875,4.0625,972,14,7.085,0.883,17,6,2,1
2017,Golden State Warriors,West,43.1,87.1,0.495,12,31.2,0.383,31.1,55.8,0.557,17.8,22.6,0.788,9.4,35,44.4,30.4,9.6,6.8,14.8,19.3,115.9,38.8,89.2,0.435,9,27.8,0.324,29.8,61.4,0.485,17.7,23.2,0.761,11.7,31.8,43.5,22.7,8.6,3.8,15.5,19.4,104.3,28.2,67,15,67,15,11.63,-0.28,11.35,115.6,104,11.6,99.8,0.259,0.359,0.597,0.563,13.2,22.8,0.204,0.486,13.5,74.9,0.198,1,0.817073171,0.87804878,0.756097561,0.428571429,0.888888889,0.75,1,100,0.854166667,0.791666667,1,0.9375,2.125,2.5,2.8125,699,6,5.133,1.414,12,4,1,1
2017,Denver Nuggets,West,41.2,87.7,0.469,10.6,28.8,0.368,30.6,58.9,0.519,18.7,24.2,0.774,11.8,34.6,46.4,25.3,6.9,3.9,15,19.1,111.7,42.1,88.4,0.477,9.9,26.3,0.375,32.3,62.1,0.519,17.1,21.9,0.782,9.4,31.4,40.8,24,8.3,4.9,12,20.2,111.2,25.2,40,42,42,40,0.51,0.19,0.7,113.2,112.7,0.5,98.3,0.276,0.329,0.568,0.53,13.2,27.3,0.214,0.532,10.9,78.7,0.194,18,0.487804878,0.536585366,0.43902439,0.333333333,0.558139535,0.382978723,0,0,0.446808511,0.530612245,0,0,0,0.375,1.1875,0,0,0,0,0,0,9,0
2017,Boston Celtics,East,38.6,85.1,0.454,12,33.4,0.359,26.6,51.7,0.515,18.7,23.2,0.807,9.1,32.9,42,25.2,7.5,4.1,13.3,20.6,108,38.6,85.8,0.45,9,27,0.332,29.7,58.8,0.505,19.1,24.9,0.769,10.8,33.8,44.5,22.6,7.6,5.2,13.9,20.3,105.4,25.9,53,29,48,34,2.63,-0.39,2.25,111.2,108.4,2.8,96.8,0.273,0.393,0.567,0.525,12.2,21.2,0.22,0.503,12.6,75.3,0.223,4,0.646341463,0.731707317,0.56097561,0.538461538,0.607142857,0.533333333,0.5625,25,0.625,0.6875,1,0.125,0.125,1.25,3.625,222,0,0,0.054,1,2,1,1
2016,Oklahoma City Thunder,West,41.1,86.4,0.476,8.3,23.7,0.349,32.9,62.6,0.524,19.7,25.2,0.782,13.1,35.6,48.6,23,7.4,5.9,15.9,20.6,110.2,38.4,87.7,0.438,8.1,23.8,0.342,30.3,63.9,0.474,18,23.8,0.756,11.3,28.9,40.2,21.5,8.8,4.5,13,20.2,102.9,25.8,55,27,59,23,7.28,-0.19,7.09,113.1,105.6,7.5,96.7,0.292,0.275,0.565,0.524,14,31.1,0.228,0.484,11.7,76,0.205,5,0.670731707,0.780487805,0.56097561,0.571428571,0.868421053,0.543478261,0.6875,25,0.734693878,0.653061224,1,0,0.9375,2.4375,2.4375,408,1,3.286,0.841,9,3,3,1
2016,Miami Heat,East,38.4,81.7,0.47,6.1,18,0.336,32.3,63.6,0.508,17.1,23,0.744,9.8,34.3,44.1,20.8,6.7,6.5,14.1,18.3,100,37.2,84.3,0.442,7.4,21.2,0.347,29.9,63.1,0.474,16.5,21.5,0.77,9.8,31.5,41.3,20.2,7.5,4.1,12.9,19.6,98.4,28.4,48,34,46,36,1.65,-0.14,1.5,106.1,104.4,1.7,93.6,0.282,0.221,0.545,0.508,13.3,23.8,0.21,0.485,12.1,77.8,0.196,10,0.585365854,0.682926829,0.487804878,0.583333333,0.545454545,0.48,0.4375,12.5,0.5625,0.588235294,1,0,1.8125,3.75,4.9375,555,6,0.864,0.288,15,3,6,0
2016,Brooklyn Nets,East,38.2,84.4,0.453,6.5,18.4,0.352,31.8,66,0.481,15.7,20.7,0.757,10.5,31.9,42.4,22.3,7.6,4,14.8,18,98.6,40.8,85.2,0.479,9.5,25.6,0.369,31.3,59.6,0.526,15,19.6,0.763,10.2,33.2,43.4,24.5,8.8,5.2,14.2,18.4,106,26.9,21,61,22,60,-7.35,0.24,-7.12,103.2,110.9,-7.7,95.2,0.246,0.218,0.527,0.492,13.6,24.1,0.186,0.534,13.1,75.7,0.176,28,0.256097561,0.341463415,0.170731707,0.636363636,0.15,0.20754717,0,0,0.25,0.24,0,0.125,0.625,0.625,0.625,0,0,0,0,0,0,14,0
2016,Toronto Raptors,East,36.7,81.3,0.451,8.6,23.4,0.37,28,58,0.483,20.8,26.7,0.777,10.2,33.2,43.4,18.7,7.8,5.5,13.1,19.6,102.7,36.5,82.1,0.444,8.7,23.4,0.373,27.7,58.7,0.473,16.5,22.1,0.748,9.5,31.2,40.8,21.7,6.5,5.4,13.3,22,98.2,26.3,56,26,53,29,4.5,-0.42,4.08,110,105.2,4.8,92.9,0.328,0.287,0.552,0.504,12.3,24.6,0.255,0.498,12.7,77.7,0.201,4,0.682926829,0.780487805,0.585365854,0.5,0.736842105,0.653061224,0.625,25,0.680851064,0.734693878,1,0,0.1875,0.1875,0.375,185,1,0,0.004,0,0,2,1
2016,Chicago Bulls,East,38.6,87.4,0.441,7.9,21.4,0.371,30.7,66.1,0.464,16.5,21,0.787,11.1,35.2,46.3,22.8,6,5.7,13.9,18.8,101.6,39.4,89.4,0.441,7.9,23,0.345,31.5,66.4,0.474,16.3,22.1,0.737,11.8,34.1,45.9,22.5,8,5.7,11.9,18.7,103.1,27.6,42,40,37,45,-1.48,0.01,-1.46,105,106.5,-1.5,95.7,0.24,0.244,0.526,0.487,12.6,24.5,0.189,0.485,10.7,74.9,0.182,16,0.512195122,0.634146341,0.390243902,0.714285714,0.424242424,0.44,0,0,0.565217391,0.461538462,0,0.375,0.75,1.5,2.1875,0,0,0,0,0,0,9,0
2016,Milwaukee Bucks,East,38.4,82.2,0.467,5.4,15.6,0.345,33,66.6,0.495,17,22.7,0.747,10.5,31.2,41.7,23.1,8.2,5.8,15.2,20.7,99,37.8,83.1,0.454,9.3,26.5,0.352,28.4,56.7,0.502,18.4,23.9,0.768,11.5,31.5,43,24.5,8.3,5.6,15.5,19.5,103.2,23.5,33,49,29,53,-4.18,0.2,-3.98,104.3,108.7,-4.4,94.2,0.276,0.189,0.537,0.499,14.2,24.9,0.207,0.51,14.2,73.1,0.221,22,0.402439024,0.56097561,0.243902439,0.6,0.307692308,0.296296296,0,0,0.408163265,0.416666667,0,0.125,0.125,0.3125,0.375,0,0,0,0,0,0,12,0
2016,Memphis Grizzlies,West,36.8,83.6,0.44,6.1,18.5,0.331,30.7,65.1,0.471,19.3,24.7,0.783,11.2,30.5,41.6,20.7,8.8,4.3,13.3,21.7,99.1,35.9,78.8,0.456,9.7,26.6,0.365,26.2,52.1,0.503,19.7,25.7,0.768,10.1,33.1,43.2,21.9,7,5.7,16.2,21.1,101.3,30.5,42,40,35,47,-2.24,0.11,-2.14,105.4,107.8,-2.4,93.3,0.295,0.222,0.524,0.477,12.3,25.3,0.231,0.518,15.2,75.1,0.251,15,0.512195122,0.634146341,0.390243902,0.727272727,0.394736842,0.347826087,0,6.25,0.583333333,0.5,1,0.375,1.0625,1.6875,1.6875,510,4,0.051,0.381,3,4,7,0
2016,Indiana Pacers,East,38.3,85.2,0.45,8.1,23,0.351,30.2,62.1,0.486,17.4,22.8,0.764,10.3,33.9,44.2,21.2,9,4.8,14.9,20,102.2,37.4,84.9,0.44,8.3,24.8,0.334,29.1,60.1,0.484,17.4,23.2,0.751,10.7,33.8,44.5,20.8,7.7,4.5,15.8,20.4,100.5,26.9,45,37,46,36,1.71,-0.09,1.62,104.6,102.9,1.7,96.6,0.268,0.27,0.536,0.497,13.5,23.4,0.205,0.489,14.3,76,0.205,11,0.548780488,0.634146341,0.463414634,0.5,0.617647059,0.42,0.1875,6.25,0.531914894,0.54,1,0,1.3125,1.75,1.875,298,1,0.027,0.142,2,2,7,0
2016,Denver Nuggets,West,37.7,85.4,0.442,8,23.7,0.338,29.7,61.7,0.482,18.5,24.1,0.766,11.5,33.1,44.6,22.7,7.4,4.8,14.7,21,101.9,38.8,84.2,0.461,9.2,24.8,0.371,29.6,59.4,0.498,18.2,23.9,0.761,9.7,32.9,42.7,23.5,8,6.3,13.7,20.9,105,24.7,33,49,33,49,-3.1,0.29,-2.81,105.6,108.9,-3.3,95.7,0.282,0.277,0.531,0.489,13.2,25.8,0.216,0.515,12.6,77.3,0.216,21,0.402439024,0.43902439,0.365853659,0.666666667,0.34375,0.38,0,0,0.375,0.428571429,0,0,0.125,0.5,1.25,0,0,0,0,0,0,10,0
2016,Detroit Pistons,East,37.9,86.4,0.439,9,26.2,0.345,28.9,60.2,0.48,17.1,25.5,0.668,12.5,33.9,46.3,19.4,7,3.7,13.5,19,102,38.8,84.2,0.461,7.3,20.5,0.355,31.5,63.7,0.495,16.5,21,0.783,8.8,33.7,42.5,21.5,7.1,4.5,13.4,21.6,101.4,25,44,38,43,39,0.61,-0.18,0.43,106.1,105.5,0.6,95.1,0.296,0.303,0.522,0.491,12.2,27,0.197,0.504,12.5,79.3,0.196,12,0.536585366,0.634146341,0.43902439,0.545454545,0.512195122,0.44,0,6.25,0.520833333,0.530612245,1,0,0,0,1.875,132,1,0,0,0,0,8,0
2016,Portland Trail Blazers,West,38.6,85.9,0.45,10.5,28.5,0.37,28.1,57.4,0.49,17.4,23,0.754,11.6,33.9,45.5,21.3,6.9,4.6,14.6,21.7,105.1,38.4,84.7,0.453,8.5,23,0.371,29.8,61.7,0.484,19,26,0.734,10.6,33.1,43.7,21.6,7.7,5.2,13.3,19.5,104.3,24.3,44,38,43,39,0.83,0.15,0.98,108.8,108,0.8,96,0.268,0.332,0.548,0.511,13.2,25.9,0.202,0.503,12.1,76.2,0.225,13,0.536585366,0.682926829,0.390243902,0.222222222,0.522727273,0.391304348,0.3125,12.5,0.469387755,0.638297872,1,0.0625,0.375,0.625,0.75,83,0,0,0,1,0,5,0
2016,Dallas Mavericks,West,37.4,84.1,0.444,9.8,28.6,0.344,27.5,55.6,0.495,17.7,22.3,0.794,9.2,33.9,43.1,22.1,6.8,3.7,12.8,19.5,102.3,38.3,85,0.451,9.1,26.5,0.342,29.3,58.5,0.5,16.9,22.8,0.738,10.6,35.2,45.8,22,7.5,4.4,13.9,21.4,102.6,30.3,42,40,40,42,-0.3,0.29,-0.02,106.7,107,-0.3,94.3,0.265,0.339,0.544,0.502,12,20.6,0.211,0.504,12.8,76.2,0.198,14,0.512195122,0.56097561,0.463414634,0.352941176,0.513513514,0.340425532,0.0625,6.25,0.56,0.46,1,0.0625,0.25,1.375,2.75,456,3,1.819,0.012,15,0,6,0
2016,Utah Jazz,West,36.1,80.4,0.449,8.5,23.9,0.355,27.6,56.5,0.488,17.1,23,0.744,10.7,32.5,43.2,19,7.7,5.2,14.9,20.2,97.7,35.6,79.9,0.446,7.9,22.2,0.357,27.7,57.7,0.48,16.8,22.5,0.746,9.3,30.8,40.1,19.1,8,4.7,14,19.9,95.9,24.2,40,42,46,36,1.79,0.05,1.84,105.9,103.9,2,91,0.286,0.297,0.54,0.501,14.2,25.9,0.213,0.495,13.5,77.7,0.21,19,0.487804878,0.585365854,0.390243902,0.428571429,0.638888889,0.346938776,0,0,0.456521739,0.509803922,0,0,0,0.25,1.25,0,0,0,0,0,0,9,0
2016,Charlotte Hornets,East,37,84.4,0.439,10.6,29.4,0.362,26.4,55,0.479,18.7,23.7,0.79,9,35,43.9,21.7,7.3,5.3,12.6,18.1,103.4,37.8,85,0.444,8.9,25.4,0.349,28.9,59.6,0.485,16.3,21.2,0.769,8.9,35.8,44.7,23.2,6.7,5.5,13.5,20.4,100.7,26,48,34,49,33,2.72,-0.36,2.36,107.1,104.3,2.8,95.7,0.28,0.348,0.545,0.502,11.7,20,0.222,0.496,12.5,79.8,0.191,9,0.585365854,0.731707317,0.43902439,0.545454545,0.595238095,0.458333333,0.1875,6.25,0.479166667,0.607843137,1,0,0,0,0,237,0,0.027,0,1,0,5,0
2016,Los Angeles Lakers,West,35.1,84.8,0.414,7.8,24.6,0.317,27.3,60.2,0.454,19.3,24.7,0.781,10.7,32.3,43,18,7.2,4.1,13.7,20.3,97.3,40.5,85.6,0.473,8.5,24.6,0.347,32,61.1,0.524,17.3,23.7,0.731,10.9,35.5,46.5,24.7,7.5,5.6,12.6,19.2,106.9,26.5,17,65,17,65,-9.56,0.64,-8.92,101.6,111.6,-10,95.6,0.292,0.29,0.509,0.46,12.5,23.1,0.228,0.523,11.6,74.7,0.202,29,0.207317073,0.292682927,0.12195122,0.222222222,0.083333333,0.12,0,0,0.18,0.224489796,0,0,0,1.5625,3.6875,0,0,0,0,0,0,15,0
2016,Philadelphia 76ers,East,36.2,84,0.431,9.3,27.5,0.339,26.9,56.5,0.476,15.7,22.6,0.694,9.5,31.8,41.2,21.5,8.3,6,16.4,21.7,97.4,39.7,85.4,0.464,7.8,21.7,0.359,31.9,63.8,0.5,20.5,26.1,0.786,11.1,36.4,47.6,23.4,8.7,5.7,15.1,19.2,107.6,23.3,10,72,16,66,-10.23,0.31,-9.92,98.8,109.2,-10.4,97.9,0.269,0.327,0.519,0.487,14.8,20.6,0.186,0.51,13.5,74,0.24,30,0.12195122,0.170731707,0.073170732,0,0.108695652,0.018867925,0,0,0.145833333,0.145833333,0,0,0,0.5,0.75,0,0,0,0,0,0,15,0
2016,Minnesota Timberwolves,West,37.7,81.3,0.464,5.5,16.4,0.338,32.2,64.9,0.496,21.4,27,0.792,10,31.5,41.6,23.4,8,4.6,15,20.7,102.4,40,84.9,0.471,9,25.5,0.355,30.9,59.4,0.52,17,22.5,0.757,10.7,31.2,41.9,22.6,7.8,5.2,14.9,21.6,106,24.6,29,53,31,51,-3.54,0.15,-3.38,106.5,110.1,-3.6,95.2,0.332,0.202,0.549,0.498,13.9,24.3,0.263,0.524,13.6,74.7,0.2,26,0.353658537,0.341463415,0.365853659,0.5,0.28125,0.285714286,0,0,0.285714286,0.346938776,0,0,0,0,0,0,0,0,0,0,0,13,0
2016,New Orleans Pelicans,West,38.5,85.9,0.448,8.6,23.8,0.36,29.9,62.1,0.482,17.3,22.2,0.776,9.5,33.1,42.6,22.2,7.7,4.2,13.4,20.9,102.7,39.2,83.9,0.468,9.2,24.9,0.369,30,59,0.51,18.8,24,0.783,8.9,35.5,44.4,23.2,7.3,5.2,13.7,19.9,106.5,26.6,30,52,31,51,-3.79,0.24,-3.56,105.6,109.5,-3.9,96.8,0.259,0.277,0.537,0.498,12.3,21.2,0.201,0.523,12.7,78.8,0.225,25,0.365853659,0.512195122,0.219512195,0.5,0.323529412,0.24,0,0,0.391304348,0.4,0,0,0,0,0,0,0,0,0,0,0,12,0
2016,Houston Rockets,West,37.7,83.5,0.452,10.7,30.9,0.347,27,52.6,0.514,20.4,29.4,0.694,11.3,31.7,43.1,22.2,10,5.2,15.9,21.8,106.5,39,85.1,0.459,9.7,26.9,0.361,29.3,58.2,0.504,18.6,24.6,0.756,11.8,32.8,44.6,24.6,9,4.9,16.6,22.5,106.4,27.8,41,41,42,40,0.2,0.14,0.34,108.3,108.1,0.2,97.6,0.352,0.37,0.553,0.516,14.2,25.7,0.244,0.516,14.7,72.8,0.219,17,0.5,0.56097561,0.43902439,0.384615385,0.4375,0.404255319,0.0625,6.25,0.5,0.520833333,1,0.5625,0.8125,0.8125,1.5625,493,3,2.065,3.567,11,7,8,0
2016,Orlando Magic,East,39.5,86.8,0.455,7.8,22.2,0.35,31.8,64.7,0.492,15.2,20.1,0.757,10.3,33,43.3,23.6,8.2,5.1,14.1,20.7,102.1,38.4,83.5,0.46,8.9,24.9,0.359,29.5,58.6,0.503,17.9,24,0.746,10.1,34.1,44.3,23.2,7.6,5.5,15.1,18.3,103.7,23.9,35,47,36,46,-1.62,-0.06,-1.68,105.1,106.8,-1.7,96,0.232,0.255,0.533,0.5,12.8,23.1,0.175,0.513,13.8,76.5,0.215,20,0.426829268,0.56097561,0.292682927,0.375,0.375,0.264150943,0,0,0.456521739,0.32,0,0,0,0.8125,1.9375,0,0,0,0,0,0,11,0
2016,Phoenix Suns,West,37.2,85.6,0.435,9,25.8,0.348,28.2,59.8,0.472,17.5,23.2,0.751,11.5,33.3,44.8,20.7,7.7,3.8,17.2,22.7,100.9,39.1,83.8,0.467,9.4,24.9,0.377,29.7,58.9,0.505,19.9,26.5,0.749,9.9,33.8,43.7,22.4,9.5,5.5,14.9,21.6,107.5,26,23,59,24,58,-6.66,0.34,-6.32,102.2,109,-6.8,98.5,0.271,0.302,0.526,0.487,15.2,25.4,0.204,0.523,13.5,77.1,0.237,27,0.280487805,0.341463415,0.219512195,0.444444444,0.238095238,0.229166667,0,0,0.285714286,0.234042553,0,0,0,0.625,1.6875,0,0,0,0,0,0,14,0
2016,Golden State Warriors,West,42.5,87.3,0.487,13.1,31.6,0.416,29.4,55.7,0.528,16.7,21.8,0.763,10,36.2,46.2,28.9,8.4,6.1,15.2,20.7,114.9,38.9,89.4,0.435,7.8,23.5,0.332,31.1,65.9,0.472,18.6,24.5,0.757,11.4,32.5,43.9,22.2,8.7,4.1,14.5,19.8,104.1,27.4,73,9,65,17,10.76,-0.38,10.38,114.5,103.8,10.7,99.3,0.25,0.362,0.593,0.563,13.5,23.5,0.191,0.479,12.6,76,0.208,1,0.890243902,0.951219512,0.829268293,0.777777778,0.897959184,0.891304348,0.9375,50,0.916666667,0.86,1,1,1.5625,1.5625,1.875,551,12,0.978,0.948,4,5,1,1
2016,Sacramento Kings,West,40,86.4,0.464,8,22.4,0.359,32,64,0.5,18.5,25.5,0.725,10.6,33.7,44.2,24.5,8.9,4.5,16.2,20.4,106.6,40.6,87.7,0.462,10.2,28,0.366,30.3,59.8,0.508,17.7,23.2,0.762,11.3,33.7,45,24.2,8.8,5.3,16,22,109.1,26.6,33,49,34,48,-2.48,0.16,-2.32,106,108.4,-2.4,100,0.295,0.26,0.546,0.51,14.2,23.9,0.214,0.521,14,74.9,0.202,23,0.402439024,0.43902439,0.365853659,0.666666667,0.366666667,0.28,0,0,0.425531915,0.42,0,0,0,0,0.125,0,0,0,0,0,0,11,0
2016,Boston Celtics,East,39.2,89.2,0.439,8.7,26.1,0.335,30.5,63.1,0.483,18.5,23.5,0.788,11.6,33.3,44.9,24.2,9.2,4.2,13.7,21.9,105.7,37.5,85,0.441,7.8,23.3,0.336,29.7,61.7,0.481,19.7,26,0.755,11.4,34.6,46,20.9,7.6,5.5,16.4,21,102.5,25.2,48,34,50,32,3.21,-0.37,2.84,106.8,103.6,3.2,98.5,0.264,0.293,0.531,0.488,12.1,25.1,0.208,0.487,14.6,74.6,0.231,8,0.585365854,0.682926829,0.487804878,0.416666667,0.666666667,0.479166667,0.125,6.25,0.551020408,0.6,1,0,0.125,2.0625,3.5,111,0,0,0.028,0,1,4,0
2016,Los Angeles Clippers,West,38.3,82.4,0.465,9.7,26.7,0.364,28.6,55.7,0.513,18.2,26.2,0.692,8.8,33.3,42,22.8,8.6,5.6,13,21.3,104.5,36.8,84.7,0.434,7.9,23.3,0.338,28.9,61.4,0.471,18.8,25.1,0.751,11.8,34.9,46.7,21.2,7.1,3.2,15.4,22.5,100.2,29.7,53,29,53,29,4.28,-0.15,4.13,108.3,103.8,4.5,95.8,0.318,0.324,0.556,0.524,12.1,20.1,0.22,0.48,13.8,73.8,0.222,6,0.646341463,0.707317073,0.585365854,0.666666667,0.651162791,0.52173913,0.125,6.25,0.666666667,0.666666667,1,0.4375,0.9375,1.1875,1.625,568,2,1.952,0.793,16,8,4,0
2016,Cleveland Cavaliers,East,38.7,84,0.46,10.7,29.6,0.362,27.9,54.4,0.514,16.3,21.7,0.748,10.6,33.9,44.5,22.7,6.7,3.9,13.6,20.3,104.3,36.8,82.1,0.448,7.9,22.7,0.347,28.9,59.4,0.487,16.8,22.6,0.743,9.3,31.8,41,21.4,7.2,4.4,13.3,20.6,98.3,28.1,57,25,57,25,6,-0.55,5.45,110.9,104.5,6.4,93.3,0.259,0.352,0.558,0.524,12.7,25.1,0.194,0.496,12.6,78.5,0.205,3,0.695121951,0.804878049,0.585365854,0.363636364,0.8,0.5625,1,100,0.739130435,0.692307692,1,0.875,0.875,1.25,3.5,715,4,6.594,0.88,14,6,1,1
2016,Washington Wizards,East,39.5,85.8,0.46,8.6,24.2,0.358,30.8,61.6,0.501,16.5,22.5,0.73,9.1,32.8,41.8,24.5,8.6,3.9,14.5,20.8,104.1,38.7,83.8,0.462,9,24.2,0.371,29.7,59.5,0.498,18.3,23.7,0.769,9.4,34.9,44.3,22.5,8.1,4.3,16.2,20.1,104.6,27.3,41,41,40,42,-0.5,0,-0.5,105.3,105.8,-0.5,98.5,0.263,0.282,0.544,0.511,13.1,20.6,0.192,0.515,14.6,77.7,0.218,18,0.5,0.536585366,0.463414634,0.538461538,0.5,0.36,0,0,0.466666667,0.519230769,0,0.375,0.75,0.75,1,0,0,0,0,0,0,10,0
2016,San Antonio Spurs,West,40.1,82.9,0.484,7,18.5,0.375,33.2,64.4,0.515,16.4,20.4,0.803,9.4,34.5,43.9,24.5,8.3,5.9,13.1,17.5,103.5,35.7,81.8,0.436,6.6,19.9,0.331,29.1,61.9,0.47,14.9,19.6,0.758,9.1,31.4,40.5,20.8,7.2,3.9,14.8,19.5,92.9,30.3,67,15,67,15,10.63,-0.36,10.28,110.3,99,11.3,93.8,0.246,0.223,0.564,0.526,12.4,23,0.197,0.477,14.1,79.1,0.182,2,0.817073171,0.975609756,0.658536585,0.5,0.88,0.717391304,0.375,12.5,0.829787234,0.8125,1,0.1875,2.125,3.125,5.1875,1103,17,4.71,1.558,24,17,2,1
2016,Atlanta Hawks,East,38.6,84.4,0.458,9.9,28.4,0.35,28.7,56.1,0.512,15.6,20,0.783,8.3,33.8,42.1,25.6,9.1,5.9,15,19.1,102.8,37.1,86.1,0.432,8.3,24.5,0.338,28.9,61.6,0.469,16.7,22.1,0.755,11.5,35,46.5,22,8.6,5,16.1,18.3,99.2,28.2,48,34,51,31,3.61,-0.12,3.49,105.1,101.4,3.7,97.1,0.237,0.336,0.552,0.516,13.8,19.1,0.185,0.48,14.4,74.6,0.194,7,0.585365854,0.658536585,0.512195122,0.416666667,0.630434783,0.568627451,0.25,12.5,0.551020408,0.5625,1,0.5,0.8125,1.5625,2,505,0,0,0.061,1,2,3,1
2016,New York Knicks,East,36.9,84,0.439,7.4,21.5,0.346,29.4,62.5,0.471,17.2,21.4,0.805,10.4,34,44.4,20.5,5.7,5.7,13.4,19.7,98.4,38,85.8,0.443,7.6,22.4,0.341,30.3,63.4,0.479,17.5,23.2,0.754,10.9,33.3,44.2,20.8,7.2,4.2,11.3,18.5,101.1,27.2,32,50,33,49,-2.73,0,-2.74,104.6,107.6,-3,93.4,0.255,0.256,0.527,0.483,12.6,23.7,0.205,0.487,10.5,75.8,0.204,24,0.390243902,0.43902439,0.341463415,0.363636364,0.378378378,0.283018868,0,0,0.46,0.346938776,0,0,0.375,0.4375,0.4375,0,0,0,0,0,0,13,0
2015,Charlotte Hornets,East,35.5,84.5,0.42,6.1,19.1,0.318,29.5,65.4,0.45,17,22.8,0.748,10,34.1,44.1,20.2,6.1,5.5,11.9,18.2,94.2,36.8,83.7,0.44,7.9,22.1,0.357,28.9,61.5,0.47,15.8,20.4,0.772,8.9,35.2,44.1,22.1,6.1,5.4,12.6,20.8,97.3,26,33,49,32,50,-3.17,-0.27,-3.44,100.1,103.5,-3.4,93,0.269,0.226,0.498,0.456,11.2,22.1,0.202,0.487,12,79.3,0.188,22,0.402439024,0.463414634,0.341463415,0.428571429,0.371428571,0.275,0,0,0.425531915,0.469387755,0,0,0,0,0,0,0,0,0,0,0,11,0
2015,Golden State Warriors,West,41.6,87,0.478,10.8,27,0.398,30.8,60,0.514,16,20.8,0.768,10.4,34.3,44.7,27.4,9.3,6,14.5,19.9,110,37,86.4,0.428,7.2,21.4,0.337,29.7,65,0.458,18.7,24.5,0.763,11.7,32.8,44.5,21,8.3,3.6,16.2,18.8,99.9,26.6,67,15,65,17,10.1,-0.09,10.01,111.6,101.4,10.2,98.3,0.239,0.311,0.571,0.54,13.1,24.1,0.184,0.47,14.3,74.5,0.217,1,0.817073171,0.951219512,0.682926829,0.625,0.833333333,0.780487805,1,100,0.822222222,0.807692308,1,0.1875,0.5625,0.5625,0.875,289,0,0.056,0.376,3,2,1,1
2015,Oklahoma City Thunder,West,38.8,86.8,0.447,7.7,22.7,0.339,31.1,64.1,0.486,18.6,24.6,0.754,12.8,34.7,47.5,20.5,7.3,5.5,14.7,22.3,104,37.6,85.5,0.44,8.3,24.2,0.343,29.3,61.3,0.479,18.2,24.5,0.745,11.2,31.5,42.7,22.1,7.8,4.6,13.6,20.4,101.8,25.4,45,37,47,35,2.18,0.28,2.47,107.8,105.5,2.3,95.7,0.284,0.262,0.532,0.492,13.1,28.9,0.214,0.489,12.4,75.6,0.213,14,0.548780488,0.707317073,0.390243902,0.333333333,0.65,0.341463415,0,0,0.489361702,0.591836735,0,0.625,1.75,2.4375,2.4375,0,0,0,0,0,0,9,0
2015,Toronto Raptors,East,37.9,83.3,0.455,8.9,25.1,0.352,29,58.2,0.499,19.3,24.6,0.787,10.7,30.8,41.5,20.7,7.5,4.4,12.9,20.9,104,38,82.8,0.459,7.7,22.3,0.346,30.3,60.5,0.501,17.2,23.5,0.733,11.2,31.2,42.5,22.8,6.9,5,14.4,20.3,100.9,26.1,49,33,49,33,3.07,-0.62,2.45,111,107.7,3.3,92.8,0.295,0.302,0.553,0.508,12,25.6,0.232,0.506,13.4,73.3,0.208,11,0.597560976,0.658536585,0.536585366,0.545454545,0.725,0.416666667,0,6.25,0.6875,0.5,1,0.1875,0.1875,0.1875,0.375,187,0,0,0.002,0,0,4,0
2015,Phoenix Suns,West,38.8,85.8,0.452,8.5,25,0.341,30.2,60.9,0.497,16.4,21.5,0.76,10.9,32.2,43.2,20.2,8.5,4.7,15.1,21.3,102.4,38.4,85,0.452,7.7,21.9,0.352,30.7,63.1,0.486,18.8,24.8,0.759,11.6,33.7,45.3,21.1,7.9,4.1,15.6,20.3,103.3,25.7,39,43,38,44,-0.9,0.52,-0.38,105.3,106.2,-0.9,96.3,0.251,0.291,0.537,0.501,13.7,24.5,0.191,0.497,14,73.5,0.221,17,0.475609756,0.536585366,0.414634146,0.25,0.424242424,0.326086957,0,0,0.571428571,0.4375,0,0,0,0.625,2.25,0,0,0,0,0,0,10,0
2015,Milwaukee Bucks,East,37.6,82,0.459,6.6,18.3,0.363,31,63.7,0.486,16,21.1,0.757,10.7,31.4,42.1,23.6,9.6,4.9,16.7,22.1,97.8,35.6,81.5,0.437,8.2,24.1,0.342,27.3,57.4,0.476,18,24.3,0.742,11.4,31.4,42.9,22.3,8.6,4.8,17.4,20.1,97.4,24.6,41,41,42,40,0.43,-0.52,-0.09,102.7,102.2,0.5,94.1,0.258,0.223,0.536,0.499,15.5,25.4,0.195,0.487,15.9,73.3,0.221,15,0.5,0.56097561,0.43902439,0.357142857,0.515151515,0.25,0.125,6.25,0.531914894,0.489795918,1,0,0,0.1875,0.25,123,0,0,0,0,0,6,0
2015,Memphis Grizzlies,West,37.8,82.5,0.458,5.2,15.2,0.339,32.6,67.3,0.485,17.6,22.8,0.773,10.4,32.1,42.6,21.7,8.5,4.2,13.3,19.1,98.3,36,81.5,0.442,8.1,23,0.351,27.9,58.5,0.478,14.9,20.1,0.742,10.5,31.9,42.4,20.1,7.4,5.2,15.3,20.3,95.1,29.6,55,27,50,32,3.24,0.38,3.62,105.7,102.2,3.5,92,0.276,0.184,0.531,0.489,12.6,24.7,0.214,0.492,14.5,75.3,0.183,5,0.670731707,0.756097561,0.585365854,0.75,0.666666667,0.534883721,0.375,12.5,0.744680851,0.62745098,1,0.1875,0.875,1.3125,1.3125,428,3,0.053,0.686,4,5,4,0
2015,Denver Nuggets,West,37.8,87.3,0.433,8,24.8,0.325,29.7,62.5,0.476,17.8,24.3,0.734,12.3,32.4,44.7,21.8,7.8,4.5,14.2,23,101.5,38.6,84.3,0.458,7.7,22.2,0.346,30.9,62,0.498,20.1,26.9,0.748,11,34.1,45.1,23.1,7.5,6.1,14.4,20.7,105,26.4,30,52,31,51,-3.55,0.48,-3.07,104.5,108.2,-3.7,96.1,0.278,0.284,0.518,0.479,12.7,26.6,0.204,0.504,13,74.7,0.239,24,0.365853659,0.463414634,0.268292683,0.5,0.377777778,0.266666667,0,0,0.395833333,0.34,0,0,0.3125,1.125,1.3125,0,0,0,0,0,0,12,0
2015,Atlanta Hawks,East,38.1,81.7,0.466,10,26.2,0.38,28.1,55.5,0.506,16.5,21.2,0.778,8.7,31.8,40.6,25.7,9.1,4.6,14.2,17.8,102.5,36.5,83.1,0.439,8.8,25.8,0.341,27.7,57.4,0.483,15.4,20.1,0.764,11.6,32.1,43.6,23.5,7.4,4.9,16.1,19.6,97.1,27.8,60,22,56,26,5.43,-0.68,4.75,108.9,103.1,5.8,93.9,0.259,0.321,0.563,0.527,13.5,21.4,0.201,0.492,14.9,73.4,0.185,2,0.731707317,0.853658537,0.609756098,0.6,0.75,0.648648649,0.5,25,0.833333333,0.725490196,1,0.1875,0.4375,1.3125,1.5,300,0,0.041,0.005,2,0,1,1
2015,San Antonio Spurs,West,39.1,83.6,0.468,8.3,22.5,0.367,30.9,61.1,0.505,16.7,21.4,0.78,9.8,33.8,43.6,24.4,8,5.4,14,19.1,103.2,37.1,83.7,0.444,6.8,18.9,0.36,30.3,64.8,0.468,15.9,21.4,0.745,9.9,32.2,42.1,20.7,7.9,4.4,14.2,19.7,97,29.8,55,27,58,24,6.2,0.14,6.34,108.5,102,6.5,93.8,0.256,0.269,0.555,0.517,13.1,23.4,0.2,0.484,13.3,77.3,0.19,6,0.670731707,0.804878049,0.536585366,0.461538462,0.829268293,0.547619048,0.1875,6.25,0.625,0.729166667,1,1,2.5625,3,6,1141,24,4.682,1.023,20,15,5,0
2015,Dallas Mavericks,West,39.7,85.8,0.463,8.9,25.4,0.352,30.8,60.4,0.509,16.9,22.5,0.752,10.5,31.8,42.3,22.5,8.1,4.5,13,20,105.2,38,84.5,0.45,9,24.8,0.364,29,59.7,0.485,17.3,22.9,0.753,12.3,33.9,46.1,22.3,7.3,3.8,16.3,22.1,102.3,29.9,50,32,49,33,2.9,0.46,3.36,109.5,106.4,3.1,95.2,0.262,0.296,0.55,0.515,11.9,23.6,0.197,0.503,14.7,72.2,0.204,10,0.609756098,0.658536585,0.56097561,0.555555556,0.55,0.488372093,0.0625,6.25,0.653061224,0.551020408,1,0.1875,0.1875,1.625,3.0625,619,4,1.889,0.873,19,7,7,0
2015,Los Angeles Clippers,West,39.4,83.3,0.473,10.1,26.9,0.376,29.3,56.4,0.519,17.9,25.2,0.71,9.6,33.1,42.6,24.8,7.8,5,12.3,21.3,106.7,36.4,82.3,0.442,8.3,23.9,0.349,28.1,58.4,0.481,19,25.7,0.741,10.6,32.3,42.9,23.2,6.7,3,14.3,21.5,100.1,28.8,56,26,58,24,6.59,0.22,6.8,112.4,105.5,6.9,94.7,0.303,0.322,0.565,0.533,11.6,22.8,0.215,0.493,13.2,75.7,0.231,4,0.682926829,0.731707317,0.634146341,0.375,0.785714286,0.463414634,0.4375,12.5,0.6875,0.693877551,1,0.375,0.75,0.75,1.1875,521,1,1.815,0.388,9,6,3,1
2015,Utah Jazz,West,35.4,79.2,0.447,7.4,21.7,0.343,27.9,57.5,0.486,17,23.5,0.721,12,31.9,44,19.9,7.6,6,15.3,19.3,95.1,35.8,80.3,0.446,7.4,20.4,0.362,28.4,60,0.474,16,21.5,0.744,9.9,29.3,39.2,19.4,8.2,4.7,13.1,19.6,94.9,23.4,38,44,42,40,0.22,0.49,0.71,105.1,104.9,0.2,90.4,0.297,0.274,0.531,0.494,14.6,29.1,0.214,0.491,12.8,76.3,0.199,20,0.463414634,0.512195122,0.414634146,0.333333333,0.486486486,0.347826087,0,0,0.361702128,0.54,0,0,0,0.3125,1.25,0,0,0,0,0,0,11,0
2015,Orlando Magic,East,37.5,82.8,0.453,6.8,19.5,0.347,30.8,63.3,0.486,13.9,19.1,0.729,10,31.8,41.8,20.6,7.9,3.8,14.9,20.9,95.7,38,82,0.463,8.3,22.6,0.368,29.6,59.4,0.499,17.2,22.9,0.751,10.1,33.4,43.5,23.4,7.7,5.4,14.5,17.9,101.4,24.3,25,57,25,57,-5.72,-0.15,-5.87,101.6,107.7,-6.1,93.8,0.23,0.235,0.524,0.494,14,23.1,0.168,0.514,13.6,76,0.21,26,0.304878049,0.317073171,0.292682927,0.428571429,0.129032258,0.195121951,0,0,0.3,0.255319149,0,0,0.0625,1.625,1.9375,0,0,0,0,0,0,13,0
2015,Houston Rockets,West,37,83.3,0.444,11.4,32.7,0.348,25.6,50.6,0.506,18.6,26,0.715,11.7,32,43.7,22.2,9.5,5,16.7,22,103.9,37.7,85.2,0.443,7.4,22.9,0.322,30.3,62.2,0.487,17.7,23.6,0.751,11.9,32,43.8,21.4,8.9,5.3,16.4,21.1,100.5,27.6,56,26,50,32,3.44,0.38,3.82,107,103.4,3.6,96.5,0.312,0.392,0.548,0.512,15,26.8,0.223,0.486,14.6,72.9,0.208,3,0.682926829,0.731707317,0.634146341,0.666666667,0.688888889,0.5,0.5625,25,0.6875,0.666666667,1,0.125,0.25,0.6875,1.1875,357,3,1.345,3.557,10,6,2,1
2015,Indiana Pacers,East,36.6,83.2,0.439,7.5,21.2,0.352,29.1,62,0.469,16.7,22.2,0.756,10.4,34.4,44.9,21.4,6.2,4.6,14,21.2,97.3,36,82.7,0.435,7.2,20.9,0.345,28.8,61.8,0.465,17.9,23.8,0.753,9.8,33,42.7,19.9,7.5,4.7,12.7,21.4,97,28.3,38,44,42,40,0.28,-0.51,-0.23,103.5,103.2,0.3,93.2,0.266,0.255,0.523,0.484,13.1,24,0.201,0.478,12,77.9,0.217,19,0.463414634,0.56097561,0.365853659,0.25,0.487179487,0.35,0,0,0.346938776,0.530612245,0,0.625,1.6875,1.75,2.25,0,0,0,0,0,0,9,0
2015,Philadelphia 76ers,East,33.7,82.6,0.408,8.4,26.3,0.32,25.3,56.3,0.449,16.1,23.8,0.676,11.9,30.9,42.9,20.5,9.6,5.9,17.7,21.7,92,37.1,82.7,0.449,8,22.9,0.35,29.1,59.8,0.487,18.7,24.7,0.756,11.5,34.8,46.3,23.7,9.5,5.5,16.8,20.2,101,23.2,18,64,18,64,-8.98,-0.07,-9.04,95.5,104.8,-9.3,95.7,0.288,0.319,0.494,0.459,16,25.5,0.195,0.497,15.2,73,0.225,28,0.219512195,0.292682927,0.146341463,0.3,0.108695652,0.1,0,0,0.208333333,0.269230769,0,0,0.4375,0.625,0.8125,0,0,0,0,0,0,14,0
2015,Minnesota Timberwolves,West,36.4,83.2,0.438,5,14.9,0.332,31.5,68.3,0.461,20,25.7,0.776,11.6,29.3,40.9,21.6,8.1,4,15,19.2,97.8,41.1,84.5,0.487,8.5,23.1,0.367,32.6,61.4,0.531,15.8,20.8,0.759,11.6,31.9,43.6,23.6,8.4,5.5,15.2,21.4,106.5,24.4,16,66,19,63,-8.79,0.79,-8,102.9,112.2,-9.3,94.4,0.309,0.179,0.517,0.468,13.7,26.6,0.24,0.537,13.9,71.6,0.187,30,0.195121951,0.219512195,0.170731707,0.5,0.090909091,0.088888889,0,0,0.170212766,0.211538462,0,0,0,0,0,0,0,0,0,0,0,15,0
2015,Detroit Pistons,East,37.1,85.8,0.432,8.6,24.9,0.344,28.5,60.9,0.468,15.8,22.4,0.703,12.8,32.1,44.9,21.6,7.6,4.7,13.4,19,98.5,37.9,83.1,0.456,7.7,21.8,0.355,30.1,61.3,0.491,16,20.7,0.772,10.7,33.4,44.1,23.8,7,4.8,14,19.3,99.5,25.9,32,50,38,44,-1,-0.39,-1.39,105.3,106.4,-1.1,92.8,0.261,0.29,0.515,0.482,12.3,27.7,0.184,0.502,13.2,75,0.192,23,0.390243902,0.43902439,0.341463415,0.538461538,0.431818182,0.317073171,0,0,0.375,0.470588235,0,0,0,0,2.8125,0,0,0,0,0,0,12,0
2015,Los Angeles Lakers,West,37.2,85.6,0.435,6.5,18.9,0.344,30.8,66.8,0.461,17.5,23.6,0.741,11.6,32.3,43.9,20.9,7,4.5,13.2,21.2,98.5,38.8,83.1,0.466,8.5,23.4,0.363,30.3,59.7,0.507,19.2,25.8,0.745,10,34.1,44.2,24,7.5,4.8,13,19.4,105.3,27,21,61,23,59,-6.84,0.67,-6.17,103.4,110.6,-7.2,94,0.276,0.22,0.513,0.473,12.1,25.4,0.204,0.518,12.1,76.3,0.231,27,0.256097561,0.292682927,0.219512195,0.5,0.142857143,0.155555556,0,0,0.276595745,0.22,0,0,0.3125,2.5625,3.6875,0,0,0,0,0,0,14,0
2015,Portland Trail Blazers,West,38.7,86,0.45,9.8,27.2,0.362,28.9,58.8,0.491,15.5,19.4,0.801,10.7,35.1,45.9,21.9,6.4,4.5,13.6,18.2,102.8,38.2,86.9,0.439,6.4,18.9,0.338,31.8,67.9,0.468,15.8,20.9,0.758,11,33.6,44.6,20.4,8,3.6,12.2,18.7,98.6,27,51,31,53,29,4.23,0.18,4.41,108.2,103.7,4.5,94.2,0.225,0.316,0.544,0.508,12.6,24.2,0.18,0.476,11.3,76.2,0.182,8,0.62195122,0.780487805,0.463414634,0.833333333,0.731707317,0.487804878,0.0625,6.25,0.666666667,0.510204082,1,0.3125,0.3125,0.6875,0.6875,192,0,0.021,0.002,3,0,6,0
2015,Cleveland Cavaliers,East,37.7,82.2,0.458,10.1,27.5,0.367,27.6,54.7,0.504,17.7,23.6,0.751,11.1,31.9,43,22.1,7.4,4.1,14.3,18.4,103.1,38.1,83.5,0.456,7.7,22.5,0.343,30.3,61,0.497,14.8,19.9,0.745,10.8,30.3,41.1,24.1,7.8,4.5,13.3,20.5,98.7,26.9,53,29,53,29,4.48,-0.4,4.08,111.1,106.3,4.8,92.3,0.287,0.334,0.557,0.52,13.4,26.8,0.216,0.502,12.6,74.7,0.177,7,0.646341463,0.756097561,0.536585366,0.6,0.681818182,0.605263158,0.875,50,0.591836735,0.7,1,0,0,1,2.625,713,9,6.171,1.22,14,6,2,1
2015,Brooklyn Nets,East,37.4,83,0.451,6.6,19.9,0.331,30.8,63.1,0.489,16.6,22.2,0.748,10.3,32,42.4,20.9,7,4.1,13.8,19.3,98,38.4,84.3,0.456,8.5,23.7,0.358,29.9,60.6,0.494,15.6,21.3,0.731,11.4,32.9,44.3,23.7,7.8,4.5,13.9,20,100.9,28.6,38,44,33,49,-2.88,-0.25,-3.13,104.4,107.4,-3,92.7,0.267,0.24,0.529,0.491,13,23.9,0.2,0.506,12.9,73.7,0.185,18,0.463414634,0.463414634,0.463414634,0.833333333,0.394736842,0.333333333,0.125,6.25,0.391304348,0.450980392,1,0.3125,0.5,0.5,0.5,256,0,0.011,0,3,0,8,0
2015,Miami Heat,East,35.2,77.2,0.456,6.8,20.2,0.335,28.4,57,0.499,17.5,23.7,0.741,9.1,30,39.1,19.8,7.8,4.5,14.8,20,94.7,36.1,79.5,0.454,8.1,23,0.353,28,56.5,0.495,17,23.2,0.73,10.9,30.1,41,21.3,7.9,4.4,14.8,20.9,97.3,28.5,37,45,33,49,-2.6,-0.32,-2.92,103.9,106.7,-2.8,90.9,0.306,0.262,0.54,0.5,14.5,23.2,0.227,0.505,14.2,73.4,0.213,21,0.451219512,0.487804878,0.414634146,0.285714286,0.348837209,0.2,0,0,0.434782609,0.469387755,0,0.8125,2.8125,3.9375,5.625,0,0,0,0,0,0,10,0
2015,New York Knicks,East,35.1,82,0.428,6.8,19.7,0.347,28.3,62.3,0.454,14.8,19.2,0.769,10.6,29.8,40.4,21.3,7,4.7,14.7,21.6,91.9,37,80.4,0.46,8.5,22.3,0.38,28.5,58.1,0.49,18.8,24.8,0.759,11,32.5,43.5,21.7,8,4.3,14.1,19.1,101.2,26.9,17,65,17,65,-9.32,-0.18,-9.5,99.9,110,-10.1,91.2,0.234,0.24,0.508,0.47,14,24.5,0.18,0.512,13.3,73.1,0.234,29,0.207317073,0.243902439,0.170731707,0.222222222,0.071428571,0.153846154,0,0,0.191489362,0.25,0,0,0.4375,0.4375,0.4375,0,0,0,0,0,0,15,0
2015,New Orleans Pelicans,West,37.9,82.9,0.457,7.1,19.3,0.37,30.8,63.6,0.484,16.4,21.8,0.751,11.5,32,43.5,22,6.7,6.2,13.3,18.7,99.4,37.9,83.1,0.456,6.5,19.6,0.335,31.4,63.5,0.494,16.2,21.4,0.759,10.6,30.9,41.5,20.7,6.8,5.8,12.2,18.7,98.6,25.3,45,37,43,39,0.79,0.34,1.13,108.2,107.3,0.9,91.4,0.263,0.233,0.537,0.501,12.5,27.1,0.198,0.496,11.7,75.1,0.195,13,0.548780488,0.682926829,0.414634146,0.714285714,0.575757576,0.452380952,0,6.25,0.531914894,0.58,1,0,0,0,0,168,2,0,0.04,0,0,8,0
2015,Chicago Bulls,East,36.6,82.9,0.442,7.9,22.3,0.353,28.7,60.6,0.474,19.7,25.2,0.783,11.7,34,45.7,21.7,6.3,5.8,14,18.2,100.8,37.7,86.7,0.435,6.6,19.6,0.335,31.2,67.1,0.465,15.7,21,0.749,11.7,31.7,43.4,20.2,7.5,5.4,12.2,21.2,97.8,28.8,50,32,50,32,3,-0.46,2.54,107.5,104.3,3.2,92.8,0.304,0.269,0.536,0.489,12.9,27,0.238,0.473,11.3,74.4,0.182,9,0.609756098,0.658536585,0.56097561,0.777777778,0.555555556,0.567567568,0.375,12.5,0.612244898,0.56,1,0.0625,0.5,1.3125,1.9375,434,3,1.24,1.119,5,4,3,1
2015,Sacramento Kings,West,36.7,80.7,0.455,5.6,16.5,0.341,31.1,64.2,0.484,22.3,29.3,0.762,10.9,33.3,44.2,20.3,6.7,4,16.3,20.7,101.3,39.5,86.5,0.456,8.8,25.1,0.349,30.7,61.5,0.5,17.3,23.1,0.748,11,30.2,41.2,23.3,8.7,6.2,12.9,23.9,105,26,29,53,31,51,-3.71,0.64,-3.07,105.3,109.2,-3.9,95.4,0.363,0.204,0.542,0.49,14.8,26.5,0.276,0.507,11.8,75.2,0.2,25,0.353658537,0.43902439,0.268292683,0.6,0.3,0.2,0,0,0.369565217,0.32,0,0,0,0,0.1875,0,0,0,0,0,0,13,0
2015,Boston Celtics,East,38.9,87.9,0.443,8,24.6,0.327,30.9,63.3,0.488,15.4,20.5,0.754,11.1,32.7,43.8,24.5,8.2,3.6,13.8,21.2,101.4,38.1,84.7,0.45,7.4,22,0.336,30.7,62.7,0.49,17.6,23.3,0.755,10.9,33.8,44.7,21.9,7.1,5.3,15.1,18.8,101.2,25,40,42,41,41,0.16,-0.56,-0.4,104.7,104.5,0.2,95.8,0.233,0.28,0.523,0.489,12.5,24.7,0.176,0.494,13.7,75,0.208,16,0.487804878,0.512195122,0.463414634,0.571428571,0.548387097,0.307692308,0,6.25,0.355555556,0.547169811,1,0,0.8125,2.5,3.6875,139,0,0,0.302,0,2,7,0
2015,Washington Wizards,East,38.3,82.8,0.462,6.1,16.8,0.36,32.2,66,0.488,15.9,21.4,0.742,10.5,34.2,44.7,24,7.3,4.6,15,20.8,98.5,36.2,83.5,0.433,8,23,0.349,28.1,60.5,0.465,17.5,23.7,0.738,10,31.7,41.7,19.9,8,4.3,14,19.6,97.8,28.6,46,36,43,39,0.72,-0.55,0.17,103.7,103,0.7,93.7,0.259,0.203,0.534,0.499,14,24.9,0.192,0.481,12.9,77.3,0.21,12,0.56097561,0.707317073,0.414634146,0.692307692,0.6,0.388888889,0.375,12.5,0.645833333,0.470588235,1,0.375,0.375,0.375,0.875,448,1,0.04,0,4,0,5,0
2014,Houston Rockets,West,38,80.5,0.472,9.5,26.6,0.358,28.5,54,0.529,22.1,31.1,0.712,11.2,34.1,45.3,21.4,7.6,5.6,16.1,20.4,107.7,39,88,0.443,8.1,23,0.353,30.9,65,0.475,17,22.5,0.757,11.9,29.7,41.7,22.2,8.6,5.6,14,24.3,103.1,25.4,54,28,53,29,4.56,0.5,5.06,111,106.3,4.7,96.3,0.386,0.33,0.571,0.531,14.6,27.4,0.275,0.489,12.5,74.1,0.193,5,0.658536585,0.804878049,0.512195122,0.538461538,0.769230769,0.568181818,0.125,6.25,0.645833333,0.6875,1,0.125,0.125,0.6875,1.125,167,0,1.277,3.202,8,5,4,0
2014,Los Angeles Clippers,West,39.1,82.5,0.474,8.5,24,0.352,30.7,58.5,0.525,21.2,29.1,0.73,10.5,32.5,43,24.6,8.6,4.8,13.9,21.5,107.9,37.4,84.9,0.441,7.3,21.8,0.332,30.2,63,0.479,18.9,25,0.755,12.3,31.4,43.7,23.3,7,3.5,15.4,23.4,101,28.1,57,25,59,23,6.98,0.3,7.27,112.1,104.8,7.3,95.9,0.353,0.291,0.567,0.526,12.7,25,0.258,0.484,13.8,72.5,0.222,3,0.695121951,0.829268293,0.56097561,0.571428571,0.769230769,0.581395349,0.375,12.5,0.673469388,0.734693878,1,0.125,0.375,0.375,0.8125,481,1,1.432,0.186,7,5,3,1
2014,New York Knicks,East,36.9,82.2,0.449,9.3,24.9,0.372,27.7,57.3,0.482,15.5,20.4,0.761,10.6,29.7,40.3,20,7.7,4.5,13,22.1,98.6,35.8,78.1,0.458,8.7,23.4,0.371,27.1,54.6,0.496,19.1,25,0.765,10.3,31.7,42,19.7,6.3,3.4,14.5,19.6,99.4,28.3,37,45,39,43,-0.79,-0.61,-1.4,108.3,109.1,-0.8,90.3,0.248,0.302,0.541,0.505,12.5,25.1,0.189,0.514,14,74.3,0.245,19,0.451219512,0.463414634,0.43902439,0.272727273,0.463414634,0.340909091,0,0,0.413043478,0.538461538,0,0.375,0.4375,0.4375,0.4375,0,0,0,0,0,0,9,0
2014,Memphis Grizzlies,West,38.1,82,0.464,4.9,14,0.353,33.1,68,0.487,15.1,20.3,0.741,11.6,30.8,42.4,21.9,7.7,4.6,13.7,19.1,96.1,35.7,79.3,0.45,7.5,21.1,0.355,28.2,58.2,0.484,15.8,20.6,0.766,9.9,29.3,39.2,19.9,7.2,5,14.2,18.9,94.6,28.5,50,32,46,36,1.57,0.61,2.18,106.3,104.6,1.7,89.9,0.248,0.171,0.529,0.494,13.1,28.3,0.184,0.497,13.8,75.7,0.199,9,0.609756098,0.658536585,0.56097561,0.714285714,0.580645161,0.454545455,0.1875,6.25,0.555555556,0.711538462,1,0.5,1.125,1.125,1.125,512,6,0.001,0.792,2,9,7,0
2014,Sacramento Kings,West,36.9,82.5,0.447,6,18,0.333,30.9,64.5,0.479,20.7,27.3,0.759,12.1,32.4,44.5,18.9,7.2,3.9,15.2,22.5,100.5,37.8,82.1,0.461,8.5,22.4,0.38,29.4,59.8,0.491,19.2,26.1,0.737,9.9,31.3,41.2,23.5,7.8,5.6,13.6,23.1,103.4,24.9,28,54,33,49,-2.9,0.82,-2.08,105.7,108.8,-3.1,94.4,0.331,0.218,0.532,0.484,13.9,27.8,0.251,0.512,12.7,76.6,0.234,24,0.341463415,0.414634146,0.268292683,0.307692308,0.315789474,0.229166667,0,0,0.326086957,0.346153846,0,0,0,0,0.625,0,0,0,0,0,0,13,0
2014,Boston Celtics,East,36.5,83.9,0.435,7,21.1,0.333,29.5,62.9,0.47,16.2,20.8,0.777,12,30.5,42.5,21,7.1,4.2,15.4,21.3,96.2,37.8,81.4,0.465,6.6,18.9,0.347,31.2,62.5,0.5,18.5,24.3,0.761,10.6,31.7,42.3,22.1,7.4,4.5,14.2,19.1,100.7,25.4,25,57,28,54,-4.46,-0.51,-4.97,102.9,107.7,-4.8,93.3,0.248,0.251,0.517,0.477,14.2,27.4,0.193,0.505,13.4,74.2,0.227,26,0.304878049,0.390243902,0.219512195,0.357142857,0.28125,0.162790698,0,0,0.3125,0.235294118,0,0.125,1.125,3.5,3.6875,0,0,0,0,0,0,12,0
2014,Detroit Pistons,East,38.8,86.9,0.447,6.2,19.3,0.321,32.6,67.6,0.483,17.3,25.7,0.67,14.6,30.8,45.4,20.9,8.4,4.8,14.5,20.3,101,39.1,83.2,0.47,8.3,22.8,0.365,30.8,60.3,0.51,18.1,24,0.756,11.1,31.9,43,24.4,8.2,4.9,15,20.7,104.7,24.7,29,53,31,51,-3.66,-0.48,-4.13,105.9,109.7,-3.8,94.9,0.296,0.222,0.514,0.482,12.9,31.4,0.199,0.52,13.8,73.4,0.218,23,0.353658537,0.414634146,0.292682927,0.25,0.390243902,0.227272727,0,0,0.4,0.306122449,0,0,0,0.625,3.8125,0,0,0,0,0,0,11,0
2014,Denver Nuggets,West,38.4,85.9,0.447,8.6,23.9,0.358,29.8,62,0.481,19.1,26.3,0.726,12.3,33.1,45.4,22.4,7.5,5.6,15.9,23,104.4,39.5,86.4,0.457,7.4,21,0.351,32.1,65.4,0.491,20.2,26.4,0.763,11.3,32.5,43.8,22.5,8.5,5.6,14.4,21.7,106.5,26,36,46,35,47,-2.15,0.75,-1.4,106,108.2,-2.2,98.1,0.306,0.278,0.536,0.497,14,27.5,0.222,0.5,12.8,74.5,0.233,20,0.43902439,0.536585366,0.341463415,0.615384615,0.4,0.354166667,0,0,0.488888889,0.423076923,0,0.125,0.375,1.125,1.375,0,0,0,0,0,0,11,0
2014,Toronto Raptors,East,36.5,81.9,0.445,8.7,23.4,0.372,27.8,58.5,0.475,19.6,25.1,0.782,11.4,31.1,42.5,21.2,7,4.2,14.1,23,101.3,36.1,80.2,0.45,6.9,19.2,0.36,29.1,60.9,0.478,19,25.3,0.752,10.4,30.5,41,21,7.3,4.3,14.9,22.1,98,25.6,48,34,50,32,3.24,-0.69,2.55,108.8,105.3,3.5,91.8,0.306,0.285,0.545,0.498,13.2,27.2,0.239,0.493,14.1,74.9,0.237,12,0.585365854,0.634146341,0.536585366,0.272727273,0.8,0.390243902,0.1875,6.25,0.543478261,0.641509434,1,0,0,0.0625,0.1875,152,0,0,0.024,0,0,4,0
2014,New Orleans Pelicans,West,37.8,82.5,0.459,5.9,15.9,0.373,31.9,66.6,0.479,18.2,23.6,0.769,11.4,30.3,41.7,21.3,7.9,6.4,13.8,22.6,99.7,37.3,80.1,0.465,8,22.3,0.357,29.3,57.8,0.507,20,26.5,0.752,10.7,31,41.7,22.5,7,6.1,14.5,20.3,102.4,24.3,34,48,33,49,-2.71,0.73,-1.98,107.2,110.1,-2.9,92.2,0.286,0.193,0.537,0.495,12.9,26.9,0.22,0.515,13.6,73.8,0.249,21,0.414634146,0.536585366,0.292682927,0.466666667,0.322580645,0.25,0,0,0.422222222,0.377358491,0,0,0,0,0,0,0,0,0,0,0,12,0
2014,Milwaukee Bucks,East,36,82.2,0.438,6.7,18.9,0.353,29.3,63.2,0.464,16.8,22.5,0.747,11.8,29.3,41.1,21.5,6.6,4.9,15.1,20.9,95.5,38.4,82,0.468,8.5,22.3,0.382,29.9,59.7,0.5,18.4,24.5,0.751,11.7,31.8,43.5,22.8,7.8,5,14.1,20.6,103.7,24.7,15,67,20,62,-8.18,-0.23,-8.41,103,111.8,-8.8,91.8,0.274,0.231,0.519,0.479,14.1,27.1,0.204,0.52,13.2,71.4,0.225,30,0.182926829,0.243902439,0.12195122,0.444444444,0.108108108,0.045454545,0,0,0.173913043,0.156862745,0,0,0,0.1875,0.3125,0,0,0,0,0,0,15,0
2014,Chicago Bulls,East,34.7,80.2,0.432,6.2,17.8,0.348,28.5,62.4,0.456,18.1,23.3,0.779,11.4,32.7,44.1,22.7,7.2,5.2,14.9,19.1,93.7,35,81.2,0.43,6.6,18.7,0.351,28.4,62.5,0.454,15.3,20.3,0.753,10.7,30.6,41.3,19.6,7.6,6,14.4,20.9,91.8,28.6,48,34,47,35,1.85,-0.66,1.2,102.5,100.5,2,90.2,0.29,0.222,0.518,0.471,14.2,27.2,0.226,0.471,13.7,75.4,0.189,11,0.585365854,0.658536585,0.512195122,0.545454545,0.586956522,0.475,0.0625,6.25,0.511111111,0.692307692,1,0.3125,1,1.25,1.875,335,1,0.007,0.231,1,2,3,1
2014,Brooklyn Nets,East,35.7,77.9,0.459,8.6,23.4,0.369,27.1,54.5,0.497,18.4,24.4,0.753,8.8,29.4,38.1,20.9,8.6,3.8,14.5,21.7,98.5,36.3,79.4,0.458,8.1,22,0.367,28.3,57.4,0.492,18.8,24.7,0.76,11.2,31.6,42.9,21,7.4,4.1,15.8,20.8,99.5,30,44,38,38,44,-1,-0.58,-1.58,106.7,107.7,-1,91.4,0.313,0.301,0.555,0.514,14.1,21.7,0.236,0.509,14.9,72.3,0.236,14,0.536585366,0.682926829,0.390243902,0.727272727,0.459459459,0.5,0.3125,12.5,0.454545455,0.666666667,1,0.1875,0.1875,0.1875,0.1875,460,2,2.806,2.004,16,15,5,0
2014,Philadelphia 76ers,East,37.9,87.2,0.435,7,22.5,0.312,30.9,64.7,0.477,16.6,23.4,0.71,11.6,31.2,42.7,21.8,9.3,4,16.9,22.5,99.5,40,85.1,0.471,9,24.4,0.37,31,60.7,0.511,20.8,27.6,0.754,11.9,35,46.9,26.1,9,6.8,17,20.6,109.9,23.4,19,63,16,66,-10.45,-0.21,-10.66,99.4,109.9,-10.5,99.2,0.268,0.258,0.51,0.475,14.8,24.8,0.19,0.524,14.9,72.4,0.244,29,0.231707317,0.243902439,0.219512195,0.666666667,0.08,0.181818182,0,0,0.319148936,0.192307692,0,0,0.5,0.75,0.8125,0,0,0,0,0,0,14,0
2014,Los Angeles Lakers,West,38.3,85.1,0.45,9.4,24.8,0.381,28.8,60.3,0.478,17,22.4,0.757,9.1,32,41,24.5,7.5,5.4,15.1,19.8,103,42,89.6,0.468,8.1,22.5,0.361,33.8,67.2,0.504,17.2,23.7,0.727,13,36,49,25.8,9.6,4.7,14.2,19.3,109.2,26.8,27,55,25,57,-6.29,0.96,-5.33,104.2,110.6,-6.4,98.7,0.263,0.291,0.542,0.505,13.7,20.2,0.199,0.513,12.4,71,0.192,25,0.329268293,0.341463415,0.317073171,0.5,0.266666667,0.229166667,0,0,0.340425532,0.28,0,0,0.5625,3.4375,4.5,0,0,0,0,0,0,14,0
2014,Miami Heat,East,38.3,76.5,0.501,8.1,22.3,0.364,30.2,54.2,0.558,17.5,23,0.76,7.6,29.2,36.9,22.5,8.9,4.5,14.8,19.5,102.2,36.1,79,0.457,8.5,23.4,0.362,27.6,55.6,0.497,16.8,22.3,0.75,10.8,29.5,40.3,21.4,8.1,3.1,16.7,20.4,97.4,30.6,54,28,54,28,4.76,-0.61,4.15,110.9,105.8,5.1,91.2,0.3,0.292,0.59,0.554,14.6,20.6,0.228,0.511,15.8,73,0.212,6,0.658536585,0.780487805,0.536585366,0.533333333,0.743589744,0.642857143,0.8125,50,0.711111111,0.588235294,1,1,2.875,3.125,5.1875,1069,22,6.254,1.591,20,9,2,1
2014,Phoenix Suns,West,38.7,83.5,0.463,9.3,25.1,0.372,29.4,58.4,0.503,18.5,24.4,0.758,11.3,31.7,43,19.1,8.4,4.6,15.3,21.9,105.2,38,83.4,0.456,6.8,19.9,0.341,31.2,63.5,0.492,19.8,25.8,0.766,11.3,31.5,42.8,20.3,7.5,4,15.3,21.3,102.6,26.2,48,34,48,34,2.63,0.39,3.02,109.5,106.7,2.8,95.8,0.293,0.3,0.558,0.519,14,26.4,0.222,0.496,13.9,73.7,0.237,13,0.585365854,0.634146341,0.536585366,0.181818182,0.730769231,0.418604651,0,0,0.608695652,0.557692308,0,0,0,0.6875,2.25,0,0,0,0,0,0,9,0
2014,Atlanta Hawks,East,37.3,81.6,0.458,9.4,25.8,0.363,28,55.8,0.502,17,21.7,0.781,8.7,31.3,40,24.9,8.3,4,15.3,19.2,101,38.6,83.5,0.462,8,21.9,0.365,30.6,61.6,0.497,16.4,21.9,0.748,10.8,32.8,43.5,23.2,8.2,4.3,15.2,20,101.5,27.5,38,44,40,42,-0.48,-0.4,-0.88,105.9,106.4,-0.5,94.6,0.266,0.316,0.554,0.515,14.3,21,0.208,0.51,14,74.4,0.196,18,0.463414634,0.585365854,0.341463415,0.470588235,0.483870968,0.311111111,0.1875,6.25,0.533333333,0.4,1,0.125,0.625,1.3125,1.3125,209,0,0.041,0.005,1,0,8,0
2014,Washington Wizards,East,38.7,84.4,0.459,7.9,20.8,0.38,30.9,63.6,0.485,15.3,20.9,0.731,10.8,31.4,42.2,23.3,8.1,4.6,14.7,20.4,100.7,37,80.9,0.458,7.5,21.5,0.347,29.6,59.4,0.498,17.8,23.3,0.765,10.1,32.1,42.2,22.2,7.7,3.9,16,19.5,99.4,26.3,44,38,45,37,1.27,-0.79,0.48,106,104.6,1.4,93.2,0.248,0.246,0.538,0.506,13.6,25.2,0.181,0.504,15,75.7,0.22,15,0.536585366,0.536585366,0.536585366,0.357142857,0.575757576,0.358974359,0.375,12.5,0.488888889,0.555555556,1,0,0,0.125,0.5,287,1,0,0.007,0,0,6,0
2014,Cleveland Cavaliers,East,37,84.8,0.437,7.1,20,0.356,29.9,64.8,0.461,17,22.7,0.751,12.1,32.1,44.1,21.2,7.1,3.7,14.2,20,98.2,37.8,83.5,0.452,9.3,25.4,0.367,28.4,58.1,0.49,16.6,22,0.757,10.3,32.3,42.5,24.8,7.2,5.6,14,19.5,101.5,24.9,33,49,32,50,-3.29,-0.57,-3.86,104.2,107.7,-3.5,93.1,0.268,0.236,0.518,0.479,13,27.2,0.201,0.508,13,75.8,0.199,22,0.402439024,0.463414634,0.341463415,0.583333333,0.325,0.272727273,0,0,0.347826087,0.450980392,0,0,0,1.4375,2.625,0,0,0,0,0,0,10,0
2014,Charlotte Bobcats,East,36.3,82.1,0.442,6.3,17.9,0.351,30,64.1,0.468,18,24.4,0.737,9.5,33.2,42.7,21.7,6.1,5.1,12.3,18.2,96.9,36.9,83.4,0.442,8.1,22,0.369,28.7,61.4,0.468,15.3,20.1,0.759,9.6,33.7,43.3,21,6.3,5.1,13.3,20.9,97.1,25.5,43,39,40,42,-0.22,-0.67,-0.89,103.6,103.8,-0.2,92.4,0.297,0.219,0.522,0.481,11.7,21.9,0.219,0.491,12.6,77.6,0.183,16,0.524390244,0.609756098,0.43902439,0.5,0.486486486,0.4,0,6.25,0.4375,0.58,1,0,0,0,0,127,0,0,0,0,0,7,0
2014,Indiana Pacers,East,36,80.2,0.449,6.7,18.8,0.357,29.3,61.4,0.477,18.1,23.3,0.779,10.2,34.5,44.7,20.1,6.7,5.4,15.1,20.4,96.7,34.8,82.7,0.42,6.6,19,0.345,28.2,63.7,0.443,16.3,21.6,0.755,10.4,30.7,41.2,18.6,7.2,4.6,13.7,21.9,92.3,27.2,56,26,54,28,4.4,-0.77,3.63,104.1,99.3,4.8,92.5,0.29,0.235,0.535,0.49,14.3,24.9,0.226,0.46,12.9,76.8,0.197,4,0.682926829,0.853658537,0.512195122,0.571428571,0.630434783,0.55,0.625,25,0.777777778,0.596153846,1,0.6875,1.125,1.125,2.25,343,1,0,0.154,1,1,1,1
2014,Orlando Magic,East,36.9,82.7,0.445,6.9,19.5,0.353,30,63.3,0.474,15.9,20.9,0.763,9.7,32.4,42,21,7.7,4.3,14.9,20.5,96.5,38.1,83.7,0.456,8,21.7,0.371,30.1,62,0.485,17.7,22.9,0.77,10.5,33.5,44,22.5,7.1,5.4,14,18.3,102,24.6,23,59,26,56,-5.44,-0.44,-5.88,101.7,107.4,-5.7,93.6,0.253,0.235,0.525,0.487,13.9,22.4,0.193,0.504,13,75.5,0.211,28,0.280487805,0.463414634,0.097560976,0.416666667,0.25,0.204545455,0,0,0.270833333,0.254901961,0,0,0.1875,1.9375,1.9375,0,0,0,0,0,0,13,0
2014,Utah Jazz,West,36,81.1,0.444,6.6,19.2,0.344,29.4,61.9,0.474,16.4,22,0.747,11,30.2,41.2,20.3,7,4.5,14.6,20.7,95,38.3,81,0.473,7.3,19.4,0.376,31,61.6,0.503,18.3,23.7,0.773,10.3,32.2,42.5,21.8,7.5,4.9,12.6,20.4,102.2,24.5,25,57,22,60,-7.17,0.91,-6.27,103.5,111.3,-7.8,91.4,0.271,0.237,0.523,0.484,13.9,25.5,0.202,0.518,12.1,74.5,0.227,27,0.304878049,0.390243902,0.219512195,0.555555556,0.1875,0.191489362,0,0,0.347826087,0.3125,0,0,0,0.6875,1.25,0,0,0,0,0,0,15,0
2014,Oklahoma City Thunder,West,39,82.7,0.471,8.1,22.4,0.361,30.9,60.3,0.512,20.2,25,0.806,10.8,33.9,44.7,21.9,8.3,6.1,15.3,22.7,106.2,36.4,83.4,0.436,8.6,24,0.358,27.8,59.4,0.468,18.4,25.4,0.727,11,30,40.9,21.8,8.2,3.6,15.2,20.4,99.8,26.2,59,23,58,24,6.34,0.32,6.66,110.5,103.9,6.6,95.4,0.303,0.271,0.566,0.52,14,26.5,0.244,0.488,13.9,75.6,0.221,2,0.719512195,0.829268293,0.609756098,0.714285714,0.804878049,0.627906977,0.625,25,0.791666667,0.666666667,1,0.3125,1.6875,1.8125,1.8125,700,6,2.029,0.762,7,3,2,1
2014,Portland Trail Blazers,West,39.1,87,0.45,9.4,25.3,0.372,29.7,61.7,0.481,19.1,23.5,0.815,12.5,34,46.4,23.2,5.5,4.7,13.7,19.2,106.7,39.6,87.8,0.451,6.5,18.3,0.355,33.1,69.5,0.476,17,22.2,0.766,11.5,32,43.5,20.4,7.8,3.7,12,20.7,102.8,25.8,54,28,52,30,3.99,0.45,4.44,111.5,107.4,4.1,94.9,0.27,0.29,0.548,0.504,12.4,28,0.22,0.488,11,74.7,0.194,7,0.658536585,0.756097561,0.56097561,0.470588235,0.648648649,0.488372093,0.3125,12.5,0.717391304,0.58,1,0,0.125,0.375,0.375,114,0,0,0.002,1,0,5,0
2014,Golden State Warriors,West,39.5,85.4,0.462,9.4,24.8,0.38,30,60.6,0.496,15.9,21.1,0.753,10.9,34.4,45.3,23.3,7.8,5,15.2,21.8,104.3,36.8,84.4,0.436,6.9,20.2,0.344,29.9,64.2,0.465,18.9,24.7,0.765,10.7,32.6,43.3,20.5,7.9,4.2,15,19.3,99.5,26.3,51,31,54,28,4.8,0.34,5.15,107.5,102.6,4.9,96.2,0.247,0.291,0.55,0.517,13.8,25.1,0.186,0.477,13.6,76.3,0.224,8,0.62195122,0.658536585,0.585365854,0.578947368,0.756756757,0.431818182,0.1875,6.25,0.604166667,0.632653061,1,0.375,0.375,0.375,0.6875,260,0,0.428,0.209,4,1,6,0
2014,Dallas Mavericks,West,39.6,83.6,0.474,8.8,22.9,0.384,30.8,60.7,0.508,16.8,21.1,0.795,10.2,30.7,40.9,23.6,8.6,4.3,13.5,20,104.8,37.8,81.4,0.464,8.3,23,0.359,29.5,58.4,0.505,18.7,24.6,0.758,11.5,31.3,42.8,22,7.7,3.5,16,19.9,102.4,30.6,49,33,48,34,2.4,0.5,2.91,111.2,108.7,2.5,93.5,0.253,0.274,0.564,0.526,12.7,24.6,0.201,0.515,14.8,72.7,0.229,10,0.597560976,0.634146341,0.56097561,0.5,0.696969697,0.441860465,0.1875,6.25,0.5625,0.607843137,1,0,1,1.5,2.9375,416,2,1.856,0.348,16,0,8,0
2014,Minnesota Timberwolves,West,38.9,87.5,0.444,7.3,21.4,0.341,31.6,66.1,0.478,21.8,28.1,0.778,12.5,32.2,44.7,23.9,8.8,3.6,13.9,18.3,106.9,40.5,86,0.471,8.1,22.2,0.364,32.4,63.8,0.508,15.2,20.1,0.756,11.1,33.1,44.2,22.9,7.9,5.6,16.4,23.6,104.3,26.3,40,42,48,34,2.67,0.43,3.1,108.9,106.2,2.7,97.3,0.321,0.245,0.535,0.486,12.2,27.4,0.249,0.518,14.8,74.4,0.177,17,0.487804878,0.585365854,0.390243902,0.454545455,0.590909091,0.361702128,0,0,0.5,0.490196078,0,0,0,0,0.625,0,0,0,0,0,0,10,0
2014,San Antonio Spurs,West,40.6,83.5,0.486,8.5,21.4,0.397,32,62,0.517,15.7,20,0.785,9.3,34,43.3,25.2,7.4,5.1,14.4,18.2,105.4,37.8,85.1,0.444,6.5,18.3,0.353,31.3,66.8,0.469,15.7,20.6,0.76,10.5,31.7,42.2,20.4,7.7,4.6,13.9,19.3,97.6,28.9,62,20,61,21,7.72,0.28,8,110.5,102.4,8.1,95,0.24,0.257,0.571,0.537,13.5,22.7,0.188,0.482,12.8,76.4,0.184,1,0.756097561,0.780487805,0.731707317,1,0.744680851,0.644444444,1,100,0.717391304,0.74,1,0.9375,1.6875,2.5625,5.375,868,11,4.648,1.001,19,14,1,1
2013,New Orleans Hornets,West,36,80.4,0.448,6.5,18,0.363,29.5,62.4,0.473,15.5,20,0.776,12,29.6,41.6,21,6.3,5.4,14.5,20.4,94.1,37,78.5,0.471,7.7,20.6,0.374,29.2,57.9,0.505,16.3,21.5,0.759,10.2,29.2,39.3,23.4,7.9,6,13.2,18.7,97.9,24,27,55,30,52,-3.87,0.75,-3.12,105.7,110.1,-4.4,88.5,0.248,0.224,0.528,0.489,14,29.2,0.193,0.52,13.1,74.4,0.208,26,0.329268293,0.390243902,0.268292683,0.583333333,0.27027027,0.226415094,0,0,0.326086957,0.384615385,0,0,0.125,0.625,0.9375,0,0,0,0,0,0,14,0
2013,Orlando Magic,East,37.7,84.2,0.448,6.2,18.7,0.329,31.5,65.5,0.482,12.5,16.6,0.755,10.9,31.9,42.7,22.8,6.4,4.4,14.5,19.4,94.1,38.6,83.4,0.463,7.5,21,0.359,31.1,62.5,0.498,16.3,22.1,0.738,10.8,31.9,42.8,23.7,7.2,5.2,12.4,16.5,101.1,24.6,20,62,22,60,-6.99,-0.14,-7.12,101.6,109.1,-7.5,92.2,0.197,0.223,0.514,0.485,13.7,25.4,0.149,0.508,11.8,74.6,0.195,30,0.243902439,0.292682927,0.195121951,0.181818182,0.210526316,0.130434783,0,0,0.311111111,0.156862745,0,0.0625,0.8125,1.9375,2.125,0,0,0,0,0,0,15,0
2013,Washington Wizards,East,35.5,81.6,0.435,6.6,18.2,0.365,28.8,63.4,0.455,15.6,21.3,0.733,10.8,32.3,43.2,21.6,7.3,4.6,15.1,20.5,93.2,35.9,81.7,0.44,7.1,20.5,0.349,28.8,61.2,0.47,16.8,22.8,0.738,11,33.2,44.2,21.5,7.8,4.4,14.5,19.1,95.8,25.4,29,53,33,49,-2.54,-0.25,-2.78,100.2,103,-2.8,92.2,0.261,0.223,0.512,0.475,14.2,24.6,0.191,0.483,13.7,74.6,0.206,24,0.353658537,0.536585366,0.170731707,0.4,0.433333333,0.29787234,0,0,0.25,0.462962963,0,0,0,0.125,0.5,0,0,0,0,0,0,12,0
2013,Toronto Raptors,East,36.3,81.5,0.446,7,20.3,0.343,29.4,61.2,0.48,17.6,22.3,0.788,10.6,29.6,40.2,21.5,7.3,4.8,13.7,22.4,97.2,36.2,79.2,0.458,6.7,18.4,0.361,29.6,60.8,0.487,19.6,26.2,0.747,10.7,31,41.7,21.9,7,4.7,14.3,20.1,98.7,25.4,34,48,37,45,-1.48,-0.48,-1.96,105.9,107.5,-1.6,90.4,0.274,0.249,0.532,0.488,13,25.5,0.216,0.5,13.6,73.4,0.247,20,0.414634146,0.512195122,0.317073171,0.5,0.421052632,0.311111111,0,0,0.347826087,0.450980392,0,0,0,0.1875,0.1875,0,0,0,0,0,0,10,0
2013,Oklahoma City Thunder,West,38.1,79.3,0.481,7.3,19.4,0.377,30.8,60,0.514,22.2,26.8,0.828,10.4,33.2,43.6,21.4,8.3,7.6,15.3,20.2,105.7,36.2,85,0.425,7.4,21.5,0.346,28.7,63.5,0.452,16.7,21.6,0.774,12,28.7,40.7,20.5,8.2,3.9,14.8,20.7,96.5,26,60,22,64,18,9.21,-0.06,9.15,112.4,102.6,9.8,93.3,0.338,0.244,0.58,0.527,14.4,26.7,0.28,0.469,13.5,73.4,0.197,2,0.731707317,0.829268293,0.634146341,0.333333333,0.88,0.638297872,0.3125,12.5,0.760869565,0.692307692,1,0.8125,1.5,1.5,1.5,621,6,1.39,0.55,5,2,1,1
2013,San Antonio Spurs,West,39.1,81.4,0.481,8.1,21.5,0.376,31.1,59.9,0.519,16.6,21,0.791,8.1,33.2,41.3,25.1,8.5,5.4,14.7,17.4,103,37.5,84.9,0.442,6.3,17.9,0.353,31.2,66.9,0.466,15.2,20,0.76,11.1,31.4,42.5,21.4,8.2,4.9,14.9,19.1,96.6,28.6,58,24,58,24,6.4,0.27,6.67,108.3,101.6,6.7,94.2,0.258,0.264,0.568,0.531,14,20.5,0.204,0.48,13.7,74.9,0.179,3,0.707317073,0.853658537,0.56097561,0.642857143,0.756097561,0.645833333,0.9375,50,0.770833333,0.673469388,1,0.625,1,2.625,5.4375,725,11,5.379,0.846,24,13,2,1
2013,Sacramento Kings,West,37.6,84.2,0.447,7.4,20.5,0.363,30.2,63.7,0.474,17.5,22.8,0.769,11.5,29.1,40.6,20.8,8.2,4.2,14.6,20.9,100.2,39.3,83.3,0.472,7.6,21.5,0.355,31.7,61.8,0.512,18.9,24.1,0.783,11.9,31.7,43.6,25.1,7.6,6.3,14.7,20,105.1,25.6,28,54,28,54,-4.88,0.62,-4.26,106.2,111.4,-5.2,93.6,0.271,0.243,0.532,0.491,13.4,26.6,0.208,0.517,13.6,71,0.227,25,0.341463415,0.487804878,0.195121951,0.7,0.279069767,0.211538462,0,0,0.361702128,0.326923077,0,0,0,0,1.0625,0,0,0,0,0,0,13,0
2013,Atlanta Hawks,East,37.6,81,0.464,8.6,23.2,0.371,29,57.8,0.501,14.1,19.7,0.715,9.2,31.6,40.9,24.5,8.1,4.5,14.9,18,98,37.5,83.2,0.45,7.6,19.9,0.379,29.9,63.3,0.473,15,19.7,0.763,11.3,32.4,43.7,22.3,8.4,4.3,15.2,18.8,97.5,27.1,44,38,42,40,0.4,-0.48,-0.08,104.8,104.4,0.4,92.6,0.244,0.286,0.546,0.517,14.2,22.2,0.174,0.496,14.2,73.6,0.181,14,0.536585366,0.609756098,0.463414634,0.5,0.487179487,0.357142857,0.125,6.25,0.577777778,0.471698113,1,0.125,0.75,1.1875,1.1875,299,1,0,0.304,1,1,6,0
2013,Portland Trail Blazers,West,36.7,81.9,0.448,8.2,23.2,0.353,28.5,58.7,0.486,15.9,20.5,0.776,10.7,30.2,40.8,21.8,6.6,4.3,14.7,18.5,97.5,39.3,83,0.474,6.4,18.7,0.34,33,64.3,0.512,15.7,20.6,0.761,11,31.4,42.4,23.7,8.4,4.4,13.1,18.7,100.7,24.4,33,49,32,50,-3.17,0.65,-2.53,105.8,109.2,-3.4,91.4,0.25,0.284,0.536,0.498,13.9,25.3,0.194,0.512,12.5,73.3,0.189,21,0.402439024,0.536585366,0.268292683,0.6,0.351351351,0.346153846,0,0,0.511111111,0.339622642,0,0,0.25,0.375,0.5625,0,0,0,0,0,0,11,0
2013,Minnesota Timberwolves,West,35.9,81.7,0.439,5.5,18,0.305,30.4,63.7,0.477,18.5,24.9,0.742,11.9,30.2,42,22.4,8.5,4.7,14.8,18.4,95.7,38,81.2,0.468,7,19,0.369,30.9,62.2,0.498,15.2,20.1,0.752,10.6,31.5,42.1,22.3,8.1,5.9,15.9,22.5,98.1,26.4,31,51,34,48,-2.37,0.54,-1.83,102.9,105.4,-2.5,92.8,0.305,0.22,0.516,0.473,13.8,27.4,0.226,0.511,15,74,0.187,22,0.37804878,0.487804878,0.268292683,0.230769231,0.365853659,0.254901961,0,0,0.404761905,0.309090909,0,0,0,0,0.75,0,0,0,0,0,0,12,0
2013,Cleveland Cavaliers,East,36.5,84.2,0.434,6.7,19.3,0.346,29.8,64.9,0.46,16.8,22.3,0.756,12.2,28.8,41,20.7,7.9,4.1,14,21.2,96.5,37.9,79.6,0.476,7.4,20,0.372,30.5,59.6,0.511,17.9,24.2,0.739,10.8,31.3,42.1,23.9,7.6,6.8,15.2,19.7,101.2,24.1,24,58,28,54,-4.68,-0.19,-4.87,104.3,109.4,-5.1,92.3,0.265,0.229,0.514,0.473,13,28.1,0.2,0.523,14.4,72.6,0.225,28,0.292682927,0.341463415,0.243902439,0.352941176,0.205882353,0.195652174,0,0,0.282608696,0.34,0,0,0.375,2.1875,2.625,0,0,0,0,0,0,13,0
2013,New York Knicks,East,36.5,81.6,0.448,10.9,28.9,0.376,25.7,52.7,0.487,16,21.1,0.759,10.9,29.7,40.6,19.3,8.2,3.6,12,20.1,100,35.6,77.6,0.458,7.8,21.8,0.357,27.8,55.8,0.498,16.8,22.2,0.757,10,31.6,41.6,19.3,6.4,4,15.1,19.2,95.7,30.2,54,28,53,29,4.23,-0.5,3.73,111.1,106.3,4.8,89.8,0.258,0.354,0.55,0.515,11.7,25.6,0.196,0.508,14.8,74.7,0.216,7,0.658536585,0.756097561,0.56097561,0.583333333,0.720930233,0.534883721,0.375,12.5,0.651162791,0.634615385,1,0.0625,0.0625,0.0625,0.0625,589,2,1.058,2.038,17,14,2,1
2013,Denver Nuggets,West,40.7,85.2,0.478,6.4,18.5,0.343,34.4,66.6,0.516,18.4,26.2,0.701,13.3,31.7,45,24.4,9.3,6.5,15.3,20.5,106.1,38.1,85.7,0.444,8.4,23.1,0.363,29.7,62.6,0.474,16.6,22.7,0.731,12.4,29.2,41.6,23.6,8,6.8,15.9,21.6,101.1,26.1,57,25,55,27,5.09,0.28,5.37,110.4,105.1,5.3,95.1,0.308,0.217,0.549,0.515,13.6,31.4,0.216,0.493,14.3,71.8,0.193,4,0.695121951,0.926829268,0.463414634,0.611111111,0.777777778,0.6875,0.125,6.25,0.617021277,0.8,1,0.1875,0.375,1.0625,1.25,148,1,0,0.127,0,1,3,1
2013,Houston Rockets,West,38.1,82.7,0.461,10.6,28.9,0.366,27.5,53.8,0.511,19.2,25.5,0.754,11.1,32.3,43.4,23.2,8.3,4.4,16.4,20.3,106,38.8,85.5,0.454,8.1,21.9,0.368,30.8,63.5,0.484,16.8,21.6,0.776,10.7,31,41.6,22.7,8.5,6.1,14.8,20.4,102.5,24.4,45,37,50,32,3.48,0.22,3.69,109.7,106.1,3.6,96.1,0.308,0.349,0.564,0.525,14.9,26.4,0.232,0.502,13.5,75.2,0.196,12,0.548780488,0.707317073,0.390243902,0.5,0.666666667,0.458333333,0.125,6.25,0.520833333,0.549019608,1,0,0,0.75,1,133,0,0,0,0,0,7,0
2013,Los Angeles Clippers,West,38.5,80.6,0.478,7.6,21.4,0.358,30.9,59.2,0.522,16.4,23,0.711,11.4,30.2,41.6,23.9,9.6,5.6,14.6,20.9,101.1,34.6,78,0.443,7.6,20.5,0.373,26.9,57.5,0.468,17.9,23.9,0.749,10.9,28.2,39.1,22.1,7.4,4.1,16.1,20.9,94.6,28.8,56,26,59,23,6.45,-0.02,6.43,110.6,103.6,7,91.1,0.286,0.265,0.557,0.526,13.9,28.8,0.203,0.492,15.4,73.5,0.229,5,0.682926829,0.780487805,0.585365854,0.375,0.76,0.608695652,0.125,6.25,0.723404255,0.607843137,1,0.25,0.25,0.25,0.6875,553,4,2.097,0.218,13,6,4,0
2013,Charlotte Bobcats,East,34.4,81.1,0.425,5.7,17.1,0.335,28.7,64,0.448,18.9,25.1,0.75,11.2,29.1,40.3,19.4,7.2,5.8,14.1,19,93.4,38.8,82.5,0.471,8.7,22.5,0.388,30.1,59.9,0.502,16.2,21.8,0.747,11.8,32.3,44.1,25.3,6.9,6.9,14,21.3,102.7,24.4,21,61,17,65,-9.23,-0.06,-9.29,101.5,111.5,-10,91.5,0.31,0.21,0.507,0.46,13.2,25.7,0.233,0.524,13.2,71.1,0.197,29,0.256097561,0.365853659,0.146341463,0.5,0.139534884,0.133333333,0,0,0.244444444,0.254901961,0,0,0,0,0,0,0,0,0,0,0,14,0
2013,Memphis Grizzlies,West,36.1,81.5,0.444,4.7,13.5,0.345,31.5,68,0.463,16.5,21.3,0.773,12.9,29.8,42.7,20.9,8.6,5.3,14,20.2,93.4,33.5,77,0.435,6.1,18.2,0.338,27.4,58.8,0.465,16.1,21.5,0.748,10.3,28.8,39.1,19.5,7.3,5.5,15.5,20,89.3,27,56,26,54,28,4.15,0.18,4.32,104.9,100.3,4.6,88.4,0.261,0.166,0.514,0.472,13.3,31,0.202,0.475,15.2,74.3,0.209,6,0.682926829,0.780487805,0.585365854,0.6,0.756756757,0.595744681,0.5,25,0.644444444,0.685185185,1,0.1875,0.625,0.625,0.625,342,2,0,0.271,1,6,5,0
2013,Miami Heat,East,38.4,77.4,0.496,8.7,22.1,0.396,29.6,55.4,0.536,17.4,23,0.754,8.2,30.4,38.6,23,8.7,5.4,13.9,18.7,102.9,35.6,80.9,0.44,7.6,21.7,0.35,28,59.1,0.473,16.2,21.2,0.766,11.2,28.9,40.1,20.2,7.9,3.2,15.6,20.4,95,30.3,66,16,62,20,7.87,-0.84,7.03,112.3,103.7,8.6,90.7,0.297,0.285,0.588,0.552,13.7,22.2,0.224,0.487,14.8,73,0.2,1,0.804878049,0.902439024,0.707317073,0.75,0.829787234,0.714285714,1,100,0.69047619,0.849056604,1,1,1.9375,2.125,4.1875,937,13,5.252,1.338,18,8,1,1
2013,Golden State Warriors,West,38.2,83.4,0.458,8,19.9,0.403,30.1,63.5,0.475,16.8,21.3,0.79,10.8,34.2,45,22.5,6.9,4.2,15.1,21.4,101.2,37.2,84.8,0.439,8,23.1,0.347,29.2,61.7,0.473,17.9,23.9,0.748,11.1,31.7,42.7,23.5,8.2,4.9,13.5,19.2,100.3,25.3,47,35,44,38,0.89,0.42,1.32,106.4,105.5,0.9,94.5,0.255,0.239,0.545,0.506,14,25.4,0.201,0.486,12.4,75.5,0.211,10,0.573170732,0.682926829,0.463414634,0.625,0.526315789,0.425531915,0.375,12.5,0.630434783,0.509803922,1,0,0,0.3125,0.3125,148,0,0,0.093,1,0,6,0
2013,Dallas Mavericks,West,38.8,84,0.462,7.4,19.9,0.372,31.4,64.2,0.489,16.1,20.4,0.793,9.4,32.6,41.9,23.2,7.9,5.5,14,20.7,101.1,37.4,84,0.445,7.8,21.8,0.359,29.6,62.2,0.475,19.1,25.4,0.753,12,33.6,45.6,22,8.5,4.1,14.7,18.9,101.7,29.5,41,41,39,43,-0.6,0.36,-0.24,105.9,106.5,-0.6,94.1,0.242,0.236,0.544,0.506,13,21.8,0.192,0.492,13.3,73.1,0.227,17,0.5,0.585365854,0.414634146,0.384615385,0.472222222,0.304347826,0,0,0.413043478,0.568627451,0,0,1.125,1.625,3.5625,0,0,0,0,0,0,10,0
2013,Phoenix Suns,West,37.3,84.4,0.443,5.9,17.7,0.33,31.5,66.6,0.473,14.7,19.7,0.744,11.7,29.9,41.6,22.6,8,5.3,15.6,20.6,95.2,38.8,82.6,0.47,6.9,17.9,0.388,31.9,64.7,0.492,17.1,22.6,0.757,11.7,31.7,43.4,22.8,8.3,5.1,15.3,18.4,101.6,26.9,25,57,23,59,-6.46,0.71,-5.75,101.2,108.1,-6.9,93.4,0.234,0.21,0.512,0.477,14.3,27,0.174,0.512,14.2,71.9,0.208,27,0.304878049,0.414634146,0.195121951,0.428571429,0.243902439,0.25,0,0,0.347826087,0.28,0,0,0.625,1.0625,2.375,0,0,0,0,0,0,15,0
2013,Brooklyn Nets,East,35.9,79.8,0.45,7.7,21.5,0.357,28.2,58.3,0.484,17.5,23.9,0.731,12.8,30,42.8,20.3,7.3,4.8,14.7,18.3,96.9,37.4,80.7,0.464,6.3,17.3,0.366,31.1,63.4,0.49,14,19.2,0.731,10.7,28.5,39.2,21.4,7.5,4.8,13.4,21.4,95.1,28.6,49,33,46,36,1.78,-0.53,1.25,108.2,106.2,2,88.8,0.299,0.269,0.536,0.498,14,30.9,0.219,0.503,13.1,73.7,0.174,8,0.597560976,0.634146341,0.56097561,0.692307692,0.575,0.357142857,0.1875,6.25,0.586956522,0.647058824,1,0,0,0,0,313,0,0.015,0.282,3,1,3,1
2013,Detroit Pistons,East,36.3,81,0.449,6.3,17.6,0.356,30.1,63.4,0.474,15.9,22.8,0.699,12.1,30,42.1,21.2,7,4.9,15.1,19.8,94.9,37.3,81.2,0.459,7.4,20.4,0.36,29.9,60.7,0.492,16.9,22.2,0.762,11.1,30.7,41.8,22.4,8.4,5.8,13.7,19.9,98.8,25.3,29,53,29,53,-3.99,-0.34,-4.33,103.8,108.1,-4.3,90.8,0.282,0.217,0.521,0.487,14.3,28.3,0.197,0.505,13.1,73,0.209,23,0.353658537,0.43902439,0.268292683,0.375,0.340909091,0.133333333,0,0,0.369565217,0.367346939,0,0,0,1.25,4.3125,0,0,0,0,0,0,11,0
2013,Indiana Pacers,East,35.1,80.6,0.436,6.9,19.7,0.347,28.3,60.8,0.465,17.6,23.6,0.746,12.9,33,45.9,20.3,7.2,6.3,15.1,20,94.7,34.5,82.2,0.42,5.4,16.6,0.327,29.1,65.6,0.444,16.2,21.3,0.76,11.2,29.6,40.9,19.2,7.5,5.7,13.5,21.9,90.7,25.7,49,32,52,29,4.02,-0.69,3.34,104.3,99.8,4.5,90.2,0.293,0.245,0.521,0.479,14.3,30.3,0.219,0.453,12.9,74.6,0.197,9,0.604938272,0.731707317,0.475,0.307692308,0.658536585,0.475,0.6875,25,0.586956522,0.62,1,0.375,0.4375,0.4375,1.6875,162,1,0,0,0,0,4,0
2013,Philadelphia 76ers,East,37.3,84.1,0.444,6.3,17.5,0.36,31,66.5,0.466,12.2,16.8,0.729,10.9,30.4,41.3,22.8,7.4,4.7,13,18.4,93.2,36.8,81,0.454,6.7,19.2,0.349,30.1,61.8,0.487,16.2,21.4,0.76,11,33,44,22.8,7.2,4.8,14.3,16.2,96.5,25.2,34,48,31,51,-3.34,-0.17,-3.51,102,105.7,-3.7,91,0.2,0.209,0.509,0.481,12.5,24.9,0.146,0.495,13.7,73.4,0.2,19,0.414634146,0.56097561,0.268292683,0.444444444,0.351351351,0.319148936,0,0,0.422222222,0.392156863,0,0.4375,0.5,0.75,1.1875,0,0,0,0,0,0,9,0
2013,Los Angeles Lakers,West,37.1,81,0.458,8.7,24.6,0.355,28.4,56.4,0.503,19.3,27.9,0.692,11.5,33.3,44.8,22.2,7,5.2,15,17.9,102.2,39.7,87.6,0.453,7.5,21,0.357,32.2,66.6,0.483,14.2,19.4,0.732,11.5,31.1,42.7,23.4,8.5,4.8,12.9,23.1,101,30.7,45,37,44,38,1.16,0.32,1.48,107.8,106.6,1.2,94.4,0.345,0.303,0.548,0.512,13.9,27,0.239,0.496,11.9,74.3,0.163,13,0.548780488,0.707317073,0.390243902,0.615384615,0.514285714,0.425531915,0,6.25,0.434782609,0.576923077,1,0.3125,1.5625,3.5,4.875,510,3,3.679,4.47,17,9,8,0
2013,Milwaukee Bucks,East,38.1,87.8,0.435,7.3,20.4,0.36,30.8,67.4,0.457,15.3,20.7,0.736,13,30.9,44,22.9,8.4,6.7,14.1,19,98.9,38.4,84.7,0.454,6.5,18.5,0.348,32,66.2,0.483,17,22.5,0.759,12.4,33.6,46,23.1,8,4.4,16,19.1,100.4,26.4,38,44,37,45,-1.5,-0.33,-1.83,103.6,105.2,-1.6,94.7,0.236,0.232,0.51,0.476,12.7,27.9,0.174,0.492,14.4,71.3,0.201,18,0.463414634,0.512195122,0.414634146,0.583333333,0.342105263,0.361702128,0,6.25,0.545454545,0.41509434,1,0,0.1875,0.1875,0.4375,166,0,0,0.007,0,0,8,0
2013,Utah Jazz,West,37.1,81.8,0.454,6.2,16.9,0.366,31,64.9,0.477,17.5,23,0.764,12.1,30,42,22.7,8.4,6.3,14.8,21.3,98,36.6,79.9,0.458,6.8,18.5,0.37,29.8,61.4,0.485,18,23.8,0.757,11,29.8,40.8,20.6,7.8,5.9,14.7,20.4,98.1,26.3,43,39,41,41,-0.09,0.38,0.3,106.7,106.8,-0.1,90.9,0.281,0.206,0.533,0.492,13.8,28.8,0.214,0.501,14,73.2,0.226,15,0.524390244,0.731707317,0.317073171,0.416666667,0.475,0.326086957,0,0,0.543478261,0.56,0,0,0.25,1.25,1.3125,0,0,0,0,0,0,9,0
2013,Chicago Bulls,East,35.7,81.7,0.437,5.4,15.4,0.353,30.2,66.3,0.456,16.4,21.2,0.773,12.5,30.7,43.2,23,7.2,5.1,14.3,19.7,93.2,35.4,80.1,0.443,5.5,16,0.346,29.9,64.1,0.467,16.5,22.3,0.739,11,30.1,41.1,18.8,7.3,5.8,13.7,19.6,92.9,28,45,37,42,40,0.32,-0.33,-0.02,103.5,103.2,0.3,89.3,0.259,0.189,0.512,0.47,13.6,29.4,0.201,0.477,13.2,73.6,0.206,11,0.548780488,0.585365854,0.512195122,0.611111111,0.5,0.465116279,0.3125,12.5,0.622222222,0.547169811,1,0.125,0.75,1.3125,1.5625,520,2,0.006,0.126,1,3,5,0
2013,Boston Celtics,East,37,79.7,0.465,6.1,17.2,0.358,30.9,62.6,0.494,16.3,21,0.776,8.1,31.3,39.3,22.8,8.2,4.5,14.6,21.2,96.5,36.1,82,0.441,6.8,19.9,0.342,29.3,62.1,0.472,17.7,23.9,0.74,11.4,32.1,43.6,21.6,7.8,4.7,15.3,19.4,96.7,29.1,41,40,40,41,-0.22,-0.4,-0.62,103.1,103.3,-0.2,91.7,0.263,0.215,0.542,0.503,14.1,20.1,0.204,0.482,14.2,73.3,0.216,16,0.50617284,0.675,0.341463415,0.533333333,0.43902439,0.452380952,0.125,6.25,0.488888889,0.529411765,1,0.6875,1.9375,3.375,3.8125,438,3,2.792,1.641,13,12,7,0
2012,Cleveland Cavaliers,East,34.3,81.2,0.422,6.7,19.3,0.346,27.6,61.9,0.446,17.8,24.9,0.716,12.7,29.5,42.3,19.8,7.1,4,15.4,20,93,38.4,82.3,0.467,6.8,18.7,0.362,31.6,63.6,0.498,16.6,22.2,0.748,11.4,31.4,42.8,23.1,7.9,6.2,13.9,20.9,100.2,26,21,45,17,49,-7.2,-0.14,-7.34,101.1,108.9,-7.8,91.3,0.307,0.238,0.505,0.463,14.3,28.9,0.22,0.508,13.1,72.2,0.202,27,0.318181818,0.333333333,0.303030303,0.454545455,0.257142857,0.256410256,0,0,0.4,0.317460317,0,0,1,2.625,2.625,0,0,0,0,0,0,13,0
2012,Memphis Grizzlies,West,36.7,82.2,0.447,4.2,12.9,0.326,32.5,69.3,0.47,17.3,22.8,0.759,12.6,29.5,42,19.5,9.6,5.2,14.5,19.9,95,34.5,77.8,0.444,6.3,18.3,0.345,28.2,59.4,0.474,17.6,23.1,0.764,11,29.6,40.7,19.3,7.8,5.5,17.1,19.3,93,25.6,41,25,38,28,2.02,0.42,2.43,104,101.8,2.2,90.8,0.277,0.157,0.515,0.473,13.6,29.8,0.211,0.485,16.3,72.7,0.227,7,0.621212121,0.787878788,0.454545455,0.75,0.615384615,0.487179487,0.1875,6.25,0.523809524,0.634920635,1,0.4375,0.4375,0.4375,0.4375,176,1,0.027,0.088,4,1,4,0
2012,Toronto Raptors,East,34.4,78.1,0.44,5.5,16.3,0.34,28.8,61.8,0.467,16.4,21.4,0.77,10.6,31.4,42,20.9,6.5,4.9,15.2,23.2,90.7,33.8,77.7,0.435,6.1,18.5,0.328,27.8,59.2,0.469,20.2,27.2,0.744,10.3,30.3,40.5,20.1,7.2,4.9,13.2,18.4,94,25.7,23,43,25,41,-3.3,-0.36,-3.67,100.8,104.5,-3.7,89.3,0.274,0.209,0.518,0.475,14.8,25.9,0.211,0.475,12.8,75.4,0.26,24,0.348484848,0.393939394,0.303030303,0.125,0.363636364,0.275,0,0,0.318181818,0.349206349,0,0,0,0.1875,0.320833333,0,0,0,0,0,0,11,0
2012,Houston Rockets,West,37.7,84,0.449,7.2,20.2,0.359,30.5,63.8,0.477,15.4,19.7,0.782,11.7,30.5,42.2,21.3,7.5,4.8,14.5,20.4,98.1,37.5,82.2,0.456,5.6,17.2,0.325,31.9,65,0.491,17.3,22.6,0.766,11,30.7,41.8,20,7.5,5.2,14.7,18.4,97.9,26.2,34,32,34,32,0.23,0.35,0.57,105.5,105.2,0.3,91.7,0.235,0.24,0.529,0.492,13.5,27.5,0.184,0.49,13.8,73.4,0.21,17,0.515151515,0.666666667,0.363636364,0.615384615,0.5,0.4,0,0,0.571428571,0.516129032,0,0,0.4375,0.75,1,0,0,0,0,0,0,9,0
2012,Indiana Pacers,East,35.7,81.4,0.438,5.9,16.1,0.368,29.7,65.3,0.455,20.4,26.1,0.782,12.5,31.4,43.9,18.6,7.9,5.4,14,21.7,97.7,34.9,80.4,0.435,6.7,19.1,0.351,28.2,61.3,0.461,17.9,24.5,0.729,12,30.3,42.3,19.6,6.6,6,14.9,21.6,94.4,26.3,42,24,41,25,3.3,-0.71,2.6,106.7,103.1,3.6,90.7,0.321,0.198,0.526,0.474,13.1,29.2,0.251,0.476,14.1,72.3,0.222,5,0.636363636,0.696969697,0.575757576,0.571428571,0.636363636,0.428571429,0.375,12.5,0.7,0.629032258,1,0.0625,0.0625,0.1875,1.445833333,191,0,0,0,0,0,3,1
2012,Los Angeles Clippers,West,37,81.3,0.455,7.8,21.8,0.357,29.2,59.5,0.49,15.8,23.3,0.68,12.1,29.4,41.6,21,8.4,4.8,13.3,21.2,97.5,34.5,77.2,0.447,7,19.1,0.365,27.6,58.1,0.474,19,25.4,0.746,10.8,29,39.8,20.7,6,4.5,14.6,21.2,95,27.3,40,26,39,27,2.56,0.26,2.82,108.5,105.7,2.8,89.2,0.287,0.269,0.533,0.502,12.7,29.5,0.195,0.492,14.2,73.2,0.245,9,0.606060606,0.727272727,0.484848485,0.538461538,0.708333333,0.564102564,0.25,12.5,0.666666667,0.619047619,1,0,0,0.4375,0.4375,209,0,0.875,0.163,3,3,5,0
2012,Dallas Mavericks,West,36.3,82,0.443,7.5,22.2,0.339,28.8,59.8,0.482,15.6,20.2,0.771,10.1,32.7,42.8,20.9,8.6,5.1,14,18.6,95.8,35.6,81.7,0.435,7.2,20.7,0.346,28.4,60.9,0.466,16.5,22.1,0.75,11,32.9,43.9,20.5,8.5,4,14.7,18.4,94.8,31.3,36,30,35,31,0.95,0.83,1.78,103.3,102.3,1,91.4,0.246,0.271,0.527,0.489,13.4,23.4,0.19,0.479,13.9,74.8,0.203,13,0.545454545,0.696969697,0.393939394,0.466666667,0.516129032,0.5,0,6.25,0.636363636,0.564516129,1,1,1.4375,2.5,3.829166667,634,7,2.787,0.331,21,8,7,0
2012,Orlando Magic,East,34.5,78.2,0.441,10.2,27,0.375,24.3,51.2,0.475,15.1,22.8,0.66,11.2,31.2,42.5,20,6.8,4.2,14.9,17.7,94.2,35.9,80.1,0.449,6.3,18.1,0.347,29.7,62,0.478,15.2,19.7,0.772,10.1,31.2,41.3,20.5,7.5,4.1,13.1,19.8,93.4,27.5,37,29,35,31,0.79,-0.33,0.46,105,104.1,0.9,89,0.292,0.346,0.533,0.506,14.5,26.5,0.193,0.488,12.9,75.5,0.19,12,0.560606061,0.636363636,0.484848485,0.285714286,0.529411765,0.351351351,0.0625,6.25,0.571428571,0.548387097,1,0.125,1.5625,1.875,2.129166667,350,1,0,0.002,0,0,6,0
2012,Detroit Pistons,East,34.7,79.3,0.438,4.8,13.9,0.346,29.9,65.4,0.457,16.6,22.1,0.752,11.7,28.5,40.3,18.7,7,4.2,15.7,19.6,90.9,36,78,0.462,6,16.9,0.355,30,61.1,0.492,17.6,23,0.765,10.7,30.1,40.7,22.5,8.5,5.3,14.5,19.4,95.7,26.3,25,41,22,44,-4.79,-0.4,-5.19,101,106.3,-5.3,89.2,0.279,0.175,0.51,0.468,15,28.1,0.21,0.5,14.2,72.8,0.226,22,0.378787879,0.545454545,0.212121212,0.636363636,0.307692308,0.210526316,0,0,0.173913043,0.387096774,0,0,0,1.875,4.579166667,0,0,0,0,0,0,10,0
2012,Portland Trail Blazers,West,36.4,82.1,0.443,7.2,20.9,0.346,29.2,61.1,0.477,17.2,21.6,0.796,11.1,29.5,40.7,20.4,8,4.9,14.2,19,97.2,37.5,81,0.463,6.7,18.4,0.363,30.8,62.6,0.492,16.1,21.5,0.747,11.1,31.2,42.3,21.1,7.6,4.8,14.9,19.8,97.8,27.5,28,38,32,34,-0.62,0.41,-0.22,105.7,106.4,-0.7,91.2,0.263,0.255,0.531,0.488,13.4,26.3,0.209,0.504,14.1,72.8,0.199,20,0.424242424,0.606060606,0.242424242,0.214285714,0.5,0.30952381,0,0,0.571428571,0.396825397,0,0.125,0.375,0.375,0.5625,0,0,0,0,0,0,11,0
2012,Chicago Bulls,East,37.4,82.8,0.452,6.3,16.9,0.375,31,65.8,0.471,15.2,21.1,0.722,13.9,32.8,46.7,23.1,6.9,5.9,14,17.3,96.3,34.6,82.1,0.421,4.6,14.2,0.325,30,67.9,0.442,14.3,19.4,0.74,11.4,28.6,40,18.9,7.4,5.2,13.3,17.7,88.2,27.1,50,16,51,15,8.18,-0.76,7.43,107.4,98.3,9.1,89.1,0.255,0.205,0.523,0.49,13.2,32.6,0.184,0.45,12.8,74.3,0.175,1,0.757575758,0.787878788,0.727272727,0.714285714,0.794871795,0.666666667,0.125,6.25,0.782608696,0.758064516,1,0.5625,0.8125,1.3125,1.4375,416,1,0.983,0.069,2,1,1,1
2012,Philadelphia 76ers,East,37.4,83.6,0.448,5.3,14.6,0.362,32.2,69,0.466,13.5,18.2,0.742,10.7,32.5,43.2,22,8,5.2,11.2,17.5,93.6,34.3,80.3,0.427,5.4,16.2,0.334,28.9,64.1,0.45,15.4,20.5,0.752,10.7,33,43.7,19.6,5.9,4.8,13.9,16.2,89.4,24.9,35,31,43,23,4.24,-0.65,3.59,103.9,99.2,4.7,89.7,0.217,0.175,0.511,0.48,10.9,24.4,0.161,0.46,13.5,75.2,0.192,16,0.53030303,0.575757576,0.484848485,0.2,0.7,0.361111111,0.4375,12.5,0.714285714,0.532258065,1,0.0625,0.1875,0.3125,0.883333333,106,0,0.041,0.069,1,1,8,0
2012,Boston Celtics,East,35.5,77.1,0.46,5.5,15,0.367,30,62.1,0.483,15.4,19.8,0.778,7.7,31.1,38.8,23.6,7.5,5.5,14.8,19.9,91.8,33.4,79.7,0.419,5.2,16.9,0.308,28.2,62.8,0.449,17.2,22.7,0.76,11.8,31.4,43.2,18.7,7.8,4.6,15.7,18.4,89.3,29.3,39,27,39,27,2.52,-0.26,2.26,101,98.2,2.8,90.4,0.257,0.194,0.535,0.496,14.7,19.7,0.2,0.452,14.9,72.4,0.216,10,0.590909091,0.727272727,0.454545455,0.545454545,0.633333333,0.473684211,0.6875,25,0.5,0.612903226,1,0.3125,1.6875,2.6875,3.725,602,4,2.834,1.745,15,14,5,0
2012,Golden State Warriors,West,37.7,82.5,0.457,7.9,20.5,0.388,29.8,62,0.48,14.4,18.7,0.77,9.7,29.5,39.2,22.3,8,5.5,13.9,21.4,97.8,37.3,82.3,0.453,7.1,19.4,0.365,30.2,62.9,0.48,19.5,26.1,0.747,13.2,32.7,45.8,23.1,7.6,5,14.8,16.6,101.2,25.3,23,43,25,41,-3.41,0.62,-2.79,105.4,109.1,-3.7,92.3,0.227,0.248,0.539,0.505,13.3,22.9,0.175,0.496,13.6,69.1,0.237,23,0.348484848,0.363636364,0.333333333,0.294117647,0.304347826,0.295454545,0,0,0.368421053,0.338709677,0,0,0,0.3125,0.3125,0,0,0,0,0,0,13,0
2012,Atlanta Hawks,East,36.8,81,0.454,7.5,20.2,0.37,29.3,60.9,0.482,15.5,21,0.74,9.9,31.3,41.2,22.4,8.1,4.6,14,17.8,96.6,36.1,81.3,0.444,5.9,17.2,0.344,30.1,64.1,0.47,15.1,20.1,0.753,10.8,31.5,42.3,20.5,7.5,4.7,15.1,19.1,93.2,27.9,40,26,41,25,3.44,-0.77,2.67,104.9,101.2,3.7,90.2,0.259,0.249,0.535,0.5,13.4,23.9,0.192,0.48,14.4,74.4,0.186,8,0.606060606,0.696969697,0.515151515,0.428571429,0.566666667,0.4,0.125,6.25,0.727272727,0.596774194,1,0.375,0.875,1.0625,1.0625,516,0,0.857,0.308,9,2,4,0
2012,Los Angeles Lakers,West,36.8,80.6,0.457,5.5,16.8,0.326,31.3,63.7,0.491,18.2,24.1,0.756,12.1,34.1,46.2,22.5,5.9,5.3,15.1,16.8,97.3,37.8,86.4,0.437,6.7,19.3,0.348,31,67.1,0.463,13.7,18.4,0.742,11.5,29.5,41,21.9,8.4,4.6,11.3,20.2,95.9,29.7,41,25,36,30,1.42,0.54,1.96,106,104.4,1.6,90.5,0.299,0.209,0.534,0.491,14.2,29.1,0.226,0.476,10.7,74.8,0.158,6,0.621212121,0.787878788,0.454545455,0.714285714,0.523809524,0.547619048,0.3125,12.5,0.590909091,0.62295082,1,0.25,2.25,3.375,5.5625,500,10,3.759,1.552,17,15,3,1
2012,Phoenix Suns,West,37.8,82.5,0.458,6.7,19.6,0.343,31.1,62.9,0.494,16,21.2,0.757,10.9,30.8,41.7,22.5,6.5,5.5,14.1,18.7,98.4,38,83.5,0.455,6,17.1,0.352,31.9,66.3,0.481,16.7,21.9,0.762,12.2,31.3,43.4,21.5,8,4.4,14.1,19.6,98.6,28.9,33,33,32,34,-0.24,0.53,0.29,106.2,106.5,-0.3,92.6,0.257,0.238,0.536,0.499,13.3,25.8,0.194,0.491,13.1,71.7,0.2,18,0.5,0.575757576,0.424242424,0.615384615,0.424242424,0.390243902,0,0,0.35,0.516129032,0,0,0.625,1.6875,2.375,0,0,0,0,0,0,10,0
2012,Miami Heat,East,37.1,79,0.469,5.6,15.6,0.359,31.5,63.4,0.496,18.8,24.2,0.775,10.4,31.2,41.6,20,8.9,5.4,15.2,19.4,98.5,34.6,79.8,0.434,7.3,20,0.363,27.4,59.8,0.457,16,22.1,0.725,11,28.7,39.8,19.7,8.3,4.2,16.8,20.5,92.5,28.3,46,20,47,19,5.98,-0.27,5.72,106.6,100.2,6.4,91.2,0.307,0.198,0.549,0.505,14.5,26.6,0.238,0.479,15.8,73.9,0.2,4,0.696969697,0.848484848,0.545454545,0.75,0.743589744,0.625,1,100,0.761904762,0.677419355,1,0.875,1.125,2.125,3.1875,577,2,4.321,1.137,15,7,2,1
2012,Sacramento Kings,West,37.7,86.5,0.436,6.2,19.7,0.316,31.5,66.8,0.471,17.1,23.2,0.736,13.4,29.5,42.9,19.3,8.5,4.9,14.4,19.5,98.8,40.4,85,0.476,6.7,18.7,0.355,33.8,66.3,0.51,16.9,22.2,0.762,12.3,32.6,45,23.8,7.8,6.4,15.4,19.9,104.4,24.3,22,44,21,45,-5.68,0.73,-4.95,103.8,109.8,-6,94.7,0.268,0.228,0.51,0.472,13,29.1,0.197,0.515,13.9,70.5,0.199,26,0.333333333,0.484848485,0.181818182,0.461538462,0.2,0.238095238,0,0,0.285714286,0.338709677,0,0,0,0.125,1.729166667,0,0,0,0,0,0,14,0
2012,Minnesota Timberwolves,West,35.7,82.3,0.433,7.2,21.6,0.332,28.5,60.8,0.469,19.4,25.2,0.771,12.1,31.7,43.7,19.5,6.6,4.4,15.2,18.4,97.9,39,85.7,0.455,6.2,18.1,0.34,32.8,67.6,0.486,16,21.2,0.755,11.7,31.8,43.4,21.5,8.3,5.7,13.3,21.7,100.1,24.4,26,40,28,38,-2.2,0.37,-1.83,104.3,106.6,-2.3,93.3,0.306,0.262,0.524,0.477,14,27.5,0.236,0.491,12.2,73,0.187,21,0.393939394,0.393939394,0.393939394,0.5,0.448275862,0.318181818,0,0,0.476190476,0.412698413,0,0,0,0,0.75,0,0,0,0,0,0,12,0
2012,New York Knicks,East,35.8,80.8,0.443,7.8,23.3,0.336,28,57.5,0.487,18.3,24.8,0.741,11.3,30.5,41.7,20.1,9.4,4.2,16,21.1,97.8,35.1,79.4,0.442,6.7,18.8,0.359,28.4,60.6,0.468,17.7,24.1,0.736,10.9,31,41.8,18.9,8.1,5.1,17,21.8,94.7,26.3,36,30,41,25,3.2,-0.81,2.39,104.4,101,3.4,93.2,0.306,0.288,0.533,0.492,14.9,26.6,0.227,0.485,15.9,73.7,0.224,14,0.545454545,0.666666667,0.424242424,0.7,0.558823529,0.428571429,0.0625,6.25,0.380952381,0.548387097,1,0,0,0,0,371,1,0.128,0.159,10,1,7,0
2012,Washington Wizards,East,36.6,83,0.441,5.2,16.3,0.32,31.4,66.7,0.47,15.3,21,0.727,11.7,29.9,41.7,19.1,8,6.3,15.3,21.3,93.6,36.7,81.1,0.453,6.5,18.4,0.35,30.2,62.7,0.483,18.6,24.5,0.758,12.3,31.2,43.5,21.5,7.9,4.5,15.2,18.7,98.4,24.2,20,46,22,44,-4.8,-0.34,-5.14,101,106.2,-5.2,92.5,0.253,0.196,0.508,0.472,14.2,27.3,0.184,0.492,14.2,70.9,0.229,29,0.303030303,0.333333333,0.272727273,0.545454545,0.297297297,0.179487179,0,0,0.19047619,0.317460317,0,0,0,0.25,0.5,0,0,0,0,0,0,14,0
2012,New Jersey Nets,East,34.3,80.6,0.425,7.7,22.4,0.342,26.6,58.2,0.457,16.9,21.7,0.777,11.9,28.5,40.3,19.9,7.5,3.9,15.1,19.2,93.1,37.9,80.2,0.472,6.5,17.4,0.374,31.4,62.8,0.5,16.8,22.6,0.74,11.8,30.8,42.6,23.3,8,5,14.3,19.3,99.1,26.1,22,44,19,47,-5.98,-0.39,-6.37,102.9,109.6,-6.7,90.1,0.269,0.278,0.516,0.473,14.3,27.8,0.209,0.513,13.7,70.7,0.209,25,0.333333333,0.272727273,0.393939394,0.75,0.235294118,0.205128205,0,0,0.318181818,0.338709677,0,0,0,0.6875,2.733333333,0,0,0,0,0,0,12,0
2012,New Orleans Hornets,West,34.8,77.3,0.451,3.9,11.8,0.333,30.9,65.5,0.472,16,21.2,0.757,11,30.2,41.1,20.7,7.4,4.8,15.5,20.1,89.6,34.9,78.6,0.444,6.4,20.3,0.317,28.5,58.3,0.489,17.1,22.5,0.759,11.1,28.9,40,20.9,7.9,5.8,13.9,18.7,93.4,25.5,21,45,24,42,-3.76,0.65,-3.11,100.9,105.1,-4.2,88.3,0.274,0.152,0.517,0.476,15.2,27.5,0.207,0.485,13.5,73.1,0.218,28,0.318181818,0.333333333,0.303030303,0.307692308,0.24,0.272727273,0,0,0.19047619,0.301587302,0,0.125,0.1875,0.625,0.9375,0,0,0,0,0,0,15,0
2012,Charlotte Bobcats,East,33.2,80.2,0.414,4,13.5,0.295,29.2,66.7,0.439,16.5,22.2,0.746,10.3,28.7,39,20.1,6,5.5,14.5,18.9,87,38.9,82,0.475,6.2,17.3,0.356,32.8,64.7,0.506,16.9,22.5,0.75,11.8,33.2,45,23.3,7.6,5.7,13.5,20.3,100.9,24.5,7,59,7,59,-13.91,-0.05,-13.96,95.2,110.4,-15.2,91.1,0.276,0.169,0.483,0.439,13.9,23.6,0.206,0.512,12.8,70.9,0.206,30,0.106060606,0.121212121,0.090909091,0.333333333,0.05,0.052631579,0,0,0.136363636,0.095238095,0,0,0,0,0,0,0,0,0,0,0,15,0
2012,Denver Nuggets,West,39,81.9,0.476,6.6,19.9,0.332,32.4,62,0.522,19.6,26.7,0.735,11.2,31.9,43.1,24,8.2,5,15.4,19.7,104.1,38.5,84.4,0.456,8.7,22.6,0.383,29.8,61.8,0.483,15.6,20.5,0.759,11.1,29.2,40.3,23.2,7.9,6.7,15.6,22,101.2,26.6,38,28,39,27,2.88,0.29,3.16,109.2,106.2,3,94.2,0.326,0.243,0.556,0.516,14.1,27.7,0.239,0.508,14.3,74.3,0.185,11,0.575757576,0.606060606,0.545454545,0.5,0.620689655,0.525,0.1875,6.25,0.666666667,0.580645161,1,0.0625,0.8125,0.9375,1.0625,137,1,0,0.01,0,0,6,0
2012,Milwaukee Bucks,East,37.9,85.6,0.443,6.6,19.2,0.345,31.3,66.5,0.471,16.6,21.4,0.774,12.4,30,42.5,23.5,8.3,5.1,14.1,19.3,99,37.1,82.6,0.449,6.6,18.9,0.351,30.5,63.7,0.478,17.9,23.3,0.769,12.3,32.4,44.7,21.7,7.6,4.5,15.9,19.4,98.7,26.2,31,35,34,32,0.27,-0.5,-0.23,105.5,105.2,0.3,93.7,0.25,0.224,0.521,0.481,12.9,27.7,0.194,0.489,14.6,70.9,0.217,19,0.46969697,0.515151515,0.424242424,0.4,0.52,0.230769231,0,0,0.45,0.46031746,0,0,0.1875,0.25,0.4375,0,0,0,0,0,0,9,0
2012,Oklahoma City Thunder,West,37.3,79.2,0.471,7.2,20,0.358,30.2,59.3,0.509,21.3,26.4,0.806,11,32.7,43.7,18.5,7.5,8.2,16.3,20.5,103.1,36.4,85.3,0.427,6.4,18.7,0.342,30.1,66.6,0.451,17.7,23,0.768,12.7,28.6,41.3,19.9,8.2,4.9,14.2,20,96.9,25.1,47,19,46,20,6.12,0.32,6.44,109.8,103.2,6.6,93,0.334,0.252,0.567,0.516,15.3,27.8,0.269,0.465,13,72.1,0.207,3,0.712121212,0.787878788,0.636363636,0.555555556,0.84375,0.642857143,0.8125,50,0.8,0.68852459,1,0.5625,0.6875,0.6875,0.6875,545,7,0.652,0.062,3,1,2,1
2012,Utah Jazz,West,38.2,83.8,0.456,4.1,12.8,0.323,34.1,71,0.48,19.1,25.3,0.754,13,31.1,44.2,21.8,8.3,5.8,14.2,21.8,99.7,36.4,80.5,0.453,6.5,19.1,0.34,29.9,61.4,0.488,19.7,26.2,0.754,11,30.1,41.2,20.5,7.5,5.7,14.7,20.7,99,25.6,36,30,34,32,0.62,0.3,0.92,106.8,106.1,0.7,91.4,0.302,0.153,0.525,0.481,13,30.2,0.227,0.493,13.8,73.8,0.245,15,0.545454545,0.757575758,0.333333333,0.538461538,0.517241379,0.41025641,0,6.25,0.631578947,0.564516129,1,0,0.3125,1.25,1.379166667,188,0,0,0.013,0,0,8,0
2012,San Antonio Spurs,West,39.6,82.8,0.478,8.4,21.3,0.393,31.2,61.5,0.507,16.2,21.6,0.748,10.3,32.6,43,23.2,7.4,4.4,13.6,17.3,103.7,38.1,84.2,0.452,6.2,17.7,0.353,31.8,66.6,0.478,14.1,18.7,0.756,10.3,30.9,41.2,19.6,7.4,5,13.7,18.8,96.5,27.5,50,16,48,18,7.17,0.11,7.28,110.9,103.2,7.7,92.9,0.261,0.257,0.562,0.528,12.8,25.1,0.195,0.489,12.9,76,0.168,2,0.757575758,0.848484848,0.666666667,0.555555556,0.815789474,0.738095238,0.625,25,0.590909091,0.758064516,1,0.125,0.4375,2.4375,5.079166667,597,12,4.248,0.846,16,13,1,1
2011,Milwaukee Bucks,East,34.3,79.8,0.43,5.9,17.2,0.342,28.4,62.6,0.454,17.4,22.9,0.757,10.5,30.2,40.8,18.8,7.5,4.9,13.5,20.5,91.9,34.6,77.3,0.447,5.3,16,0.334,29.2,61.4,0.476,18.3,23.7,0.77,10.2,32.1,42.3,20.2,6.2,4.8,15.2,20.7,92.7,26.7,35,47,38,44,-0.84,-0.17,-1.02,101.6,102.5,-0.9,89.8,0.287,0.216,0.511,0.467,13,24.7,0.217,0.481,14.7,74.8,0.236,21,0.426829268,0.536585366,0.317073171,0.272727273,0.432432432,0.311111111,0,0,0.413043478,0.442307692,0,0.1875,0.1875,0.25,1.104166667,0,0,0,0,0,0,9,0
2011,Toronto Raptors,East,38.3,82.4,0.465,4.2,13.3,0.316,34.1,69.1,0.494,18.2,24.1,0.755,11.7,28.6,40.3,21.9,7.1,4.3,14.7,22,99.1,39.2,81.3,0.482,6.6,17.5,0.376,32.6,63.8,0.511,20.4,26.5,0.769,11.1,30,41.1,22.6,7.6,5.6,13.9,19.8,105.4,24.5,22,60,24,58,-6.28,0.01,-6.28,106.1,112.9,-6.8,92.9,0.293,0.162,0.533,0.491,13.7,28.2,0.221,0.522,13,72,0.251,28,0.268292683,0.390243902,0.146341463,0.222222222,0.210526316,0.25,0,0,0.265306122,0.22,0,0,0.0625,0.1875,0.720833333,0,0,0,0,0,0,14,0
2011,Denver Nuggets,West,38.4,80.6,0.476,8.1,20.8,0.388,30.3,59.9,0.506,22.7,29.6,0.765,9.6,32.3,42,22.1,7.4,4.3,14.1,21,107.5,38.5,83.9,0.459,7,20.4,0.344,31.4,63.4,0.495,18.8,24.8,0.756,10.5,30.8,41.3,22.2,7.5,6,13.7,22.7,102.7,27.3,50,32,54,28,4.76,0.05,4.81,112.3,107.3,5,95.6,0.367,0.258,0.574,0.526,13.1,23.9,0.281,0.5,12.7,75.4,0.224,9,0.609756098,0.804878049,0.414634146,0.466666667,0.743589744,0.488372093,0.0625,6.25,0.583333333,0.62745098,1,0.125,0.75,0.9375,1,256,0,0,0.031,0,0,5,0
2011,San Antonio Spurs,West,38.4,80.8,0.475,8.4,21.1,0.397,30,59.8,0.503,18.5,24.2,0.767,10.1,31.7,41.9,22.4,7.3,4.5,13.4,19,103.7,38.1,83.7,0.456,5.8,15.9,0.367,32.3,67.7,0.477,15.9,20.7,0.766,10.8,30.4,41.2,20.5,6.9,4.6,13.4,20.7,98,28.8,61,21,56,26,5.71,0.16,5.86,111.8,105.6,6.2,92.3,0.299,0.261,0.567,0.527,12.8,24.9,0.229,0.491,12.6,74.6,0.19,2,0.743902439,0.87804878,0.609756098,0.636363636,0.780487805,0.577777778,0.125,6.25,0.85106383,0.66,1,0.25,0.875,3.3125,5.420833333,654,11,4.228,0.834,16,13,1,1
2011,Oklahoma City Thunder,West,37.4,80.6,0.464,5.9,17.1,0.347,31.5,63.5,0.495,24.1,29.3,0.823,11,31.8,42.8,20.4,8,5.9,14.1,22.4,104.8,38.1,83.2,0.458,5.9,16.3,0.361,32.2,66.9,0.481,19,25.5,0.744,11.4,29.2,40.6,20.9,7.2,4.3,14,21.5,101,23.7,55,27,51,31,3.79,0.02,3.81,111.2,107.2,4,92.7,0.363,0.212,0.561,0.501,13.1,27.4,0.299,0.493,12.9,73.6,0.228,7,0.670731707,0.731707317,0.609756098,0.666666667,0.733333333,0.558139535,0.5625,25,0.638297872,0.666666667,1,0.125,0.125,0.125,0.125,207,2,0.495,0.035,1,1,4,0
2011,Houston Rockets,West,38.7,85.1,0.454,8.3,22.5,0.367,30.4,62.6,0.486,20.3,25.4,0.801,11.7,31.1,42.8,23.8,7.1,4.5,13.5,20,105.9,39.8,85.1,0.468,5.5,15.2,0.358,34.4,69.9,0.492,18.6,23.8,0.781,11.6,31.1,42.8,20.8,7.2,5.5,13.7,21.4,103.7,26.5,43,39,47,35,2.18,0.19,2.37,111.3,109,2.3,94.2,0.299,0.264,0.55,0.503,12.3,27.4,0.239,0.5,12.6,72.7,0.219,14,0.524390244,0.609756098,0.43902439,0.466666667,0.65625,0.363636364,0,0,0.448979592,0.54,0,0,0.5625,0.9375,1,0,0,0,0,0,0,9,0
2011,New Jersey Nets,East,35.6,81,0.44,5.6,16.3,0.343,30,64.6,0.464,17.4,22.9,0.759,11.1,29.8,40.8,21,5.6,4.7,14,22,94.2,37.4,80.5,0.465,6.2,17,0.364,31.2,63.5,0.492,19.4,25.8,0.751,10.4,31.4,41.8,22.2,6.8,4.6,12.3,20,100.4,24.8,24,58,24,58,-6.24,-0.04,-6.28,103.1,109.9,-6.8,89.9,0.283,0.201,0.517,0.474,13.4,26.1,0.215,0.503,11.8,74.2,0.241,25,0.292682927,0.463414634,0.12195122,0.5,0.105263158,0.2,0,0,0.306122449,0.306122449,0,0,0,0.6875,2.733333333,0,0,0,0,0,0,12,0
2011,Boston Celtics,East,36.9,75.8,0.486,5,13.6,0.365,31.9,62.2,0.513,17.8,23.1,0.77,7.8,31,38.8,23.4,8.2,4.2,14.6,20.5,96.5,33.8,77.7,0.434,5.4,15.9,0.34,28.4,61.8,0.459,18.2,24.1,0.756,10.5,29.1,39.6,18.7,7,4.4,15.4,20.2,91.1,29.5,56,26,57,25,5.37,-0.54,4.83,106.2,100.3,5.9,90.4,0.305,0.18,0.561,0.519,14.5,21.1,0.235,0.469,14.8,74.7,0.235,6,0.682926829,0.804878049,0.56097561,0.5,0.810810811,0.625,0.3125,12.5,0.765957447,0.62745098,1,0.9375,2.375,2.5625,3.4125,797,9,7.635,1.807,32,15,3,1
2011,Minnesota Timberwolves,West,37.7,85.5,0.441,7.2,19.1,0.376,30.5,66.5,0.459,18.5,24.1,0.768,13.2,31.2,44.4,20.1,7.2,5.1,17,22.3,101.1,39.4,84.2,0.468,7.8,20.8,0.374,31.6,63.4,0.499,21.1,27.2,0.778,11.1,31.4,42.6,24.8,9.5,5.5,14.4,20.9,107.7,23.8,17,65,24,58,-6.63,0.67,-5.97,104.2,111.1,-6.9,96.5,0.282,0.223,0.526,0.483,15.1,29.6,0.217,0.514,13.1,73.7,0.251,30,0.207317073,0.292682927,0.12195122,0.230769231,0.25,0.083333333,0,0,0.234042553,0.183673469,0,0,0,0,0.816666667,0,0,0,0,0,0,15,0
2011,Dallas Mavericks,West,37.4,78.8,0.475,7.9,21.6,0.365,29.6,57.3,0.516,17.5,22.6,0.777,9.5,31.9,41.4,23.8,6.8,4.3,14,19.2,100.2,36.5,81.2,0.45,6.2,18,0.343,30.3,63.1,0.481,16.7,22.3,0.75,10.7,30,40.7,20.6,7.6,3.7,13.6,20.1,96,30.9,57,25,53,29,4.23,0.18,4.41,109.7,105,4.7,91.3,0.286,0.274,0.565,0.525,13.6,24.1,0.222,0.488,13,74.8,0.206,4,0.695121951,0.707317073,0.682926829,0.625,0.733333333,0.568181818,1,100,0.680851064,0.647058824,1,0.125,0.5,1.875,3.095833333,541,0,2.872,0.373,19,8,2,1
2011,Memphis Grizzlies,West,39,82.9,0.471,3.8,11.3,0.334,35.3,71.6,0.492,18.1,24.2,0.75,11.8,29.2,41,20.6,9.4,5.4,14,20.8,99.9,36.2,79.1,0.457,7.2,19.4,0.369,29,59.7,0.486,18.1,23.8,0.761,11,29.1,40.1,21,7.5,6.2,16.7,21.4,97.6,25.2,46,36,48,34,2.34,0.2,2.55,107.6,105.1,2.5,91.9,0.291,0.136,0.534,0.493,13,28.9,0.218,0.502,15.7,72.5,0.228,11,0.56097561,0.731707317,0.390243902,0.473684211,0.657142857,0.454545455,0.4375,12.5,0.510204082,0.64,1,0,0,0,0,130,2,0,0.548,0,2,7,0
2011,Indiana Pacers,East,36.6,82.8,0.442,7.1,20.2,0.354,29.5,62.6,0.471,19.4,24.8,0.782,11.1,32.4,43.5,19.6,7.1,5.6,15.4,21.7,99.8,37.5,83.4,0.449,6.2,17.4,0.359,31.2,66,0.473,19.7,26.3,0.75,11.4,31.9,43.3,20.4,7.5,5.7,13.9,21.4,100.9,25.9,37,45,38,44,-1.07,-0.3,-1.38,104.8,106,-1.2,94.7,0.3,0.244,0.533,0.486,14.1,25.9,0.235,0.487,12.8,74.1,0.237,19,0.451219512,0.585365854,0.317073171,0.538461538,0.404255319,0.295454545,0.0625,6.25,0.4,0.450980392,1,0,0,0.5,1.45,93,0,0,0,0,0,8,0
2011,Sacramento Kings,West,38.2,85.1,0.449,5.2,15.6,0.335,33,69.5,0.475,17.7,24.2,0.734,13.1,30.8,43.9,20.4,7.4,4.8,16.1,22,99.4,39.8,83.2,0.478,5.9,16.5,0.355,33.9,66.7,0.508,19.4,25.4,0.762,10.6,30.6,41.2,21.7,8.1,5.7,14.7,21,104.7,24.8,24,58,27,55,-5.34,0.54,-4.8,103.5,109,-5.5,95.2,0.284,0.183,0.519,0.48,14.4,29.9,0.208,0.513,13.5,74.4,0.233,26,0.292682927,0.268292683,0.317073171,0.5,0.233333333,0.191489362,0,0,0.266666667,0.339622642,0,0,0,0.1875,1.929166667,0,0,0,0,0,0,14,0
2011,Chicago Bulls,East,37.1,80.3,0.462,6.2,17.3,0.361,30.9,63.1,0.489,18.2,24.5,0.743,11.8,32.4,44.2,22.3,7.2,5.7,14.2,20,98.6,34.2,79.5,0.43,5.2,16,0.326,29,63.6,0.456,17.7,23.1,0.764,10.1,28.3,38.4,19,6.9,5.8,14.1,20.1,91.3,26.4,62,20,61,21,7.32,-0.79,6.53,108.3,100.3,8,90.4,0.305,0.215,0.541,0.501,13.5,29.4,0.227,0.463,13.6,76.2,0.222,1,0.756097561,0.87804878,0.634146341,0.642857143,0.861111111,0.657894737,0.5625,25,0.70212766,0.803921569,1,0.0625,0.25,0.875,0.875,285,0,0.006,0.006,1,0,1,1
2011,Los Angeles Clippers,West,36.8,80.4,0.457,6.3,18.5,0.338,30.5,61.9,0.493,18.9,26.7,0.707,11.6,30.5,42.1,22.1,7.1,4.9,16.4,21.1,98.6,37.1,81.6,0.455,7.1,19.5,0.365,30,62.1,0.484,20.4,26.4,0.771,11.1,29.4,40.5,22.3,8,4.9,13.7,22.1,101.8,24.6,32,50,32,50,-3.13,0.42,-2.71,105.3,108.7,-3.4,92.8,0.332,0.23,0.535,0.496,15.1,28.4,0.234,0.499,12.8,73.2,0.25,23,0.390243902,0.56097561,0.219512195,0.444444444,0.272727273,0.29787234,0,0,0.404255319,0.448979592,0,0,0,0.4375,0.4375,0,0,0,0,0,0,13,0
2011,Portland Trail Blazers,West,36,80.5,0.447,6.3,18.3,0.345,29.7,62.1,0.477,18,22.4,0.804,12.1,27.2,39.3,21.2,8,4.4,13,19.3,96.3,35.4,75.8,0.467,6.5,17.6,0.367,29,58.3,0.497,17.5,22.8,0.767,10.6,29.1,39.7,19.2,6.9,4.1,15.7,21.3,94.8,26.7,48,34,46,36,1.52,0.32,1.85,108.8,107.1,1.7,87.9,0.278,0.228,0.533,0.486,12.6,29.5,0.224,0.51,15.4,72,0.231,10,0.585365854,0.731707317,0.43902439,0.636363636,0.558823529,0.454545455,0.125,6.25,0.531914894,0.632653061,1,0.125,0.25,0.25,0.4375,180,0,0.007,1.602,2,5,6,0
2011,New York Knicks,East,38.3,83.7,0.457,9.3,25.4,0.368,29,58.4,0.496,20.6,25.5,0.809,10.3,30.1,40.5,21.4,7.6,5.8,13.7,21.3,106.5,39.5,83.8,0.472,6.5,17.6,0.372,33,66.2,0.499,20.1,26.4,0.762,11.8,32.3,44,20.5,7.1,4.4,15.2,20.8,105.7,25.3,42,40,43,39,0.78,-0.3,0.48,110.9,110.1,0.8,95.6,0.304,0.303,0.561,0.513,12.6,24.2,0.246,0.511,13.8,71.9,0.24,15,0.512195122,0.56097561,0.463414634,0.444444444,0.5625,0.414634146,0,6.25,0.531914894,0.48,1,0,0,0,0.133333333,338,1,0.491,0.005,11,2,6,0
2011,New Orleans Hornets,West,35.9,78.2,0.459,5.4,15,0.36,30.5,63.2,0.482,17.7,23.1,0.765,10,30.1,40.1,20.6,7.6,4.4,13,21,94.9,35.1,76.9,0.457,6.8,19,0.357,28.4,57.9,0.49,17,22,0.77,9.4,30,39.3,21.2,6.1,4.8,14.5,20.4,94,26.3,46,36,44,38,0.89,0.39,1.28,106.2,105.2,1,88.7,0.296,0.192,0.537,0.493,12.8,25.1,0.226,0.501,14.4,76.2,0.22,12,0.56097561,0.682926829,0.43902439,0.571428571,0.484848485,0.488888889,0.125,6.25,0.632653061,0.551020408,1,0,0.5,0.5,0.8125,120,3,0.869,0.14,2,2,8,0
2011,Charlotte Bobcats,East,35,77.6,0.451,4.8,14.7,0.327,30.2,63,0.48,18.4,24.4,0.756,10.3,29.8,40.1,21.1,6.4,5.3,14.5,20,93.3,36,79.2,0.455,7,19.6,0.359,29,59.5,0.487,18.2,23.3,0.78,9.8,29.8,39.6,21.7,7.3,6,13.2,21.1,97.3,26.9,34,48,29,53,-4,-0.08,-4.08,103.4,107.8,-4.4,89.6,0.314,0.189,0.528,0.482,14.1,25.7,0.237,0.5,12.9,75.2,0.229,22,0.414634146,0.512195122,0.317073171,0.611111111,0.272727273,0.295454545,0,0,0.425531915,0.450980392,0,0,0,0,0,0,0,0,0,0,0,10,0
2011,Detroit Pistons,East,37.3,81.1,0.46,5.8,15.3,0.376,31.5,65.7,0.479,16.7,22.6,0.737,11.4,27.3,38.6,21.1,7.3,4,13,19.9,97,37.9,78.1,0.486,6.4,17.8,0.358,31.5,60.3,0.523,18.3,23.9,0.766,10.6,30.1,40.7,23.3,6.9,4.6,14.1,18.8,100.6,27.2,30,52,31,51,-3.6,-0.18,-3.78,107.7,111.7,-4,89.2,0.279,0.189,0.533,0.495,12.5,27.4,0.206,0.526,13.8,72.1,0.235,24,0.365853659,0.512195122,0.219512195,0.3,0.325,0.186046512,0,0,0.354166667,0.387755102,0,0,0.625,2.8125,4.579166667,0,0,0,0,0,0,11,0
2011,Utah Jazz,West,37.4,80.4,0.465,5.3,15.3,0.346,32.1,65,0.493,19.4,25.1,0.771,11,28.5,39.5,23.4,7.7,5.9,14.3,22.7,99.4,36.2,78.8,0.459,7.2,19.2,0.376,29,59.6,0.486,21.7,27.9,0.778,11.3,29.6,40.9,20.7,7.4,5,14.6,22,101.3,26.8,39,43,36,46,-1.83,0.39,-1.44,108.1,110.1,-2,91,0.313,0.191,0.544,0.498,13.5,27,0.241,0.505,13.8,71.7,0.275,18,0.475609756,0.512195122,0.43902439,0.6,0.4,0.354166667,0,0,0.591836735,0.346938776,0,0.25,0.6875,1.25,1.5125,0,0,0,0,0,0,11,0
2011,Washington Wizards,East,37.2,84,0.443,4.8,14.4,0.332,32.4,69.6,0.465,18.2,24.4,0.745,12.4,29,41.3,19.4,8.1,6.1,15.3,22.6,97.3,38.7,82.2,0.471,6.8,18.3,0.373,31.9,63.9,0.499,20.4,26.9,0.761,12.1,31.8,43.9,23.1,7.6,5,15.8,20.3,104.7,24.9,23,59,22,60,-7.4,0.11,-7.3,102.4,110.2,-7.8,93.8,0.29,0.172,0.513,0.471,13.9,28,0.216,0.512,14.4,70.5,0.249,27,0.280487805,0.487804878,0.073170732,0.8,0.162790698,0.177777778,0,0,0.276595745,0.294117647,0,0,0.125,0.5,0.5,0,0,0,0,0,0,13,0
2011,Miami Heat,East,37,76.8,0.481,6.7,18,0.37,30.3,58.8,0.515,21.5,27.9,0.769,9.6,32.5,42.1,20,6.6,5.2,13.9,20.4,102.1,35,80.7,0.434,6.7,19.3,0.345,28.3,61.3,0.462,18,24.1,0.744,10.5,28.6,39.2,20.1,7,3,13.2,21.8,94.6,29,58,24,61,21,7.46,-0.71,6.76,111.7,103.5,8.2,90.9,0.363,0.235,0.573,0.524,13.5,25.2,0.279,0.475,12.6,75.5,0.223,3,0.707317073,0.731707317,0.682926829,0.2,0.853658537,0.525,0.875,50,0.708333333,0.6875,1,0.0625,0.25,1.9375,2.3125,591,3,3.871,0.531,13,4,2,1
2011,Los Angeles Lakers,West,38.1,82.4,0.463,6.4,18.1,0.352,31.8,64.3,0.494,18.8,24.1,0.779,12.1,31.9,44,22,7.3,5.1,13.1,19,101.5,36.7,84,0.437,6.8,20.3,0.335,29.9,63.7,0.469,15.2,19.9,0.765,12.2,29.3,41.5,22.3,7.1,4.5,13.6,20.7,95.4,30.2,57,25,58,24,6.11,-0.1,6.01,111,104.3,6.7,90.7,0.293,0.22,0.545,0.502,12.3,29.2,0.228,0.477,12.8,72.3,0.181,5,0.695121951,0.731707317,0.658536585,0.5,0.769230769,0.642857143,0.25,12.5,0.6875,0.693877551,1,1,2.875,3.125,6.3125,959,21,3.405,1.732,15,16,3,1
2011,Atlanta Hawks,East,36.2,78.4,0.462,6.1,17.4,0.352,30.1,61,0.494,16.4,21.1,0.779,9.3,30,39.3,22,6.1,4.2,13.6,19,95,36.7,79.7,0.46,5.6,16.6,0.338,31.1,63.2,0.492,16.8,21.7,0.774,10.2,30.3,40.6,21.4,6.7,4.2,12.5,18.5,95.8,27.4,44,38,39,43,-0.82,-0.28,-1.1,106.1,107,-0.9,89.3,0.269,0.222,0.542,0.501,13.5,23.4,0.209,0.495,12.3,74.6,0.211,13,0.536585366,0.585365854,0.487804878,0.875,0.5,0.35,0.375,12.5,0.625,0.489361702,1,0.25,0.6875,0.6875,0.6875,358,2,0.001,0.306,1,2,5,0
2011,Cleveland Cavaliers,East,35.2,81.1,0.434,6.2,18.2,0.342,29,62.9,0.461,18.9,25.3,0.745,10.4,29.9,40.3,21,6.6,4.2,14.2,20.1,95.5,39.4,83,0.475,8.1,19.7,0.411,31.3,63.3,0.495,17.5,23.1,0.759,10.9,32.6,43.5,24.2,7.5,6,13.5,21.3,104.5,26.6,19,63,18,64,-9.01,0.14,-8.88,102.2,111.8,-9.6,93,0.312,0.224,0.518,0.472,13.4,24.2,0.233,0.524,12.7,73.3,0.211,29,0.231707317,0.292682927,0.170731707,0.285714286,0.05,0.204545455,0,0,0.166666667,0.22,0,0.375,1.4375,2.625,2.625,0,0,0,0,0,0,15,0
2011,Golden State Warriors,West,39.6,85.9,0.461,8.4,21.3,0.392,31.3,64.6,0.484,15.7,20.7,0.761,11.6,28.9,40.5,22.5,9,5,14.6,22,103.4,38.7,82.8,0.467,6.9,19.3,0.358,31.8,63.4,0.501,21.4,27.6,0.776,12.8,32,44.8,24.7,8.2,4.3,16.1,18.4,105.7,25.2,36,46,35,47,-2.33,0.33,-2,108.2,110.7,-2.5,94.8,0.241,0.248,0.544,0.51,13.3,26.7,0.183,0.509,14.5,69.3,0.259,20,0.43902439,0.634146341,0.243902439,0.5,0.368421053,0.326086957,0,0,0.425531915,0.46,0,0,0,0.3125,0.3125,0,0,0,0,0,0,12,0
2011,Philadelphia 76ers,East,38.1,82.6,0.461,5.4,15.2,0.355,32.7,67.4,0.485,17.4,22.6,0.77,10.4,31.4,41.8,22.7,7.6,4.3,13,19.4,99,36.5,81,0.451,5.7,16.8,0.34,30.8,64.2,0.48,18.7,24.2,0.773,10.7,31.8,42.5,21.5,7.1,4.6,14.2,18.8,97.5,24.7,41,41,45,37,1.5,-0.5,1.01,106.6,105,1.6,91.7,0.273,0.184,0.535,0.494,12.3,24.6,0.21,0.487,13.5,74.5,0.231,16,0.5,0.634146341,0.365853659,0.272727273,0.666666667,0.375,0.0625,6.25,0.446808511,0.571428571,1,0,0.25,0.3125,1.620833333,129,0,0.041,0.025,1,0,7,0
2011,Orlando Magic,East,36,78.2,0.461,9.4,25.6,0.366,26.7,52.5,0.507,17.7,25.6,0.692,10.5,32.7,43.2,20,6.7,4.7,14.9,20,99.2,34.9,80.1,0.436,6.3,18,0.35,28.6,62.1,0.461,17.6,23.7,0.743,9.8,29.9,39.7,20.1,7.4,3.8,13.9,21.8,93.7,27.6,52,30,56,26,5.46,-0.54,4.92,107.9,102,5.9,91.2,0.328,0.328,0.554,0.521,14.3,26.1,0.227,0.475,13.3,76.9,0.219,8,0.634146341,0.707317073,0.56097561,0.461538462,0.785714286,0.463414634,0.125,6.25,0.632653061,0.632653061,1,0.625,1.75,1.75,2.070833333,349,0,0.735,1.907,7,3,4,0
2011,Phoenix Suns,West,39.3,83.5,0.47,8.5,22.6,0.377,30.7,60.8,0.505,18,23.6,0.759,10,30.2,40.2,23.7,6.6,4.4,14.3,20.3,105,40.4,85.6,0.472,7.1,19.5,0.367,33.2,66.1,0.502,18.1,24,0.754,12,32.3,44.3,23,7.9,4.3,14.5,21.2,105.9,29.6,40,42,39,43,-0.89,0.43,-0.46,109.5,110.4,-0.9,94.4,0.283,0.271,0.559,0.522,13.2,23.7,0.215,0.513,13.1,71.6,0.211,17,0.487804878,0.56097561,0.414634146,0.538461538,0.454545455,0.270833333,0,0,0.47826087,0.509803922,0,0.625,0.6875,2.25,2.441666667,0,0,0,0,0,0,10,0
2010,Phoenix Suns,West,40.7,82.8,0.492,8.9,21.6,0.412,31.8,61.2,0.52,19.9,25.8,0.77,11.1,31.9,43,23.3,5.8,5.1,14.8,20.9,110.2,39.5,87.4,0.452,6.8,19.3,0.355,32.6,68.1,0.479,19.6,25.8,0.76,13.2,29.2,42.3,20.8,7.9,4.5,13,21.8,105.3,28.5,54,28,54,28,4.9,-0.23,4.67,115.3,110.2,5.1,95.3,0.312,0.261,0.585,0.546,13.6,27.6,0.24,0.491,11.6,70.8,0.224,5,0.658536585,0.780487805,0.536585366,0.555555556,0.756097561,0.5,0.625,25,0.571428571,0.673469388,1,0,0.4375,1.625,2.083333333,255,0,2.966,0.002,14,0,3,1
2010,Utah Jazz,West,39.4,80.2,0.491,5.4,14.7,0.364,34,65.5,0.519,20.2,27.2,0.741,10.6,31.6,42.2,26.7,8.2,4.9,15.2,22.7,104.2,35.5,78.9,0.449,6.7,19,0.354,28.7,59.9,0.48,21.2,27.9,0.762,10.2,29,39.2,19.9,7.7,5.4,15.1,22.2,98.9,25.6,53,29,55,27,5.34,-0.01,5.33,110.7,105,5.7,93.8,0.34,0.184,0.565,0.524,14.2,26.8,0.252,0.492,14.2,75.6,0.269,8,0.646341463,0.780487805,0.512195122,0.625,0.695652174,0.553191489,0.25,12.5,0.608695652,0.7,1,0.0625,1,1,1.529166667,268,1,0.011,0.359,2,3,5,0
2010,Toronto Raptors,East,39,80.9,0.482,6.3,17,0.371,32.7,63.8,0.512,19.7,25.8,0.764,9.8,30.6,40.4,22,5.7,4.7,13.4,22.2,104.1,39,83.2,0.468,7.4,20.3,0.366,31.5,62.9,0.501,20.5,26.2,0.784,11.4,29.9,41.3,23,7.1,4.4,12.7,21.1,105.9,25.2,40,42,36,46,-1.78,-0.05,-1.83,111.3,113.2,-1.9,93.1,0.319,0.211,0.564,0.521,12.7,24.7,0.244,0.513,11.8,72.9,0.247,19,0.487804878,0.609756098,0.365853659,0.545454545,0.441860465,0.29787234,0,0,0.541666667,0.489795918,0,0,0.1875,0.1875,0.720833333,0,0,0,0,0,0,9,0
2010,Orlando Magic,East,36.6,78,0.47,10.3,27.3,0.375,26.4,50.6,0.521,19.2,26.5,0.724,9.9,33.4,43.2,19.7,6.2,5.6,14.1,19.9,102.8,36,82.2,0.438,6.4,17.5,0.363,29.7,64.7,0.459,16.8,22.3,0.754,9.8,30.3,40,18.9,6.7,3.5,12.8,22.2,95.3,27.9,59,23,61,21,7.49,-0.37,7.12,111.4,103.3,8.1,92,0.34,0.35,0.573,0.536,13.6,24.6,0.246,0.477,12.2,77.4,0.205,2,0.719512195,0.829268293,0.609756098,0.428571429,0.866666667,0.636363636,0.625,25,0.666666667,0.705882353,1,0.8125,1.125,1.125,1.445833333,412,1,0.37,0.961,5,2,2,1
2010,Washington Wizards,East,36.7,81.7,0.449,5.3,14.9,0.353,31.4,66.8,0.471,17.6,23.1,0.762,11.8,30,41.8,19,6,5.1,14.9,21.4,96.2,37.6,81.3,0.463,6.4,17.9,0.36,31.2,63.4,0.492,19.4,25.5,0.761,11.4,30.9,42.3,21.6,6.9,5.1,13.6,20.5,101,27.6,26,56,28,54,-4.78,0.06,-4.72,104.2,109.4,-5.2,91.6,0.283,0.183,0.524,0.481,13.9,27.6,0.216,0.502,12.8,72.4,0.239,27,0.317073171,0.365853659,0.268292683,0.294117647,0.261904762,0.229166667,0,0,0.347826087,0.307692308,0,0,0.125,0.5,0.5,0,0,0,0,0,0,14,0
2010,New Orleans Hornets,West,38.8,83.4,0.464,7,19.2,0.363,31.8,64.3,0.495,15.8,20.3,0.778,10.4,29.9,40.3,22.3,7.6,3.7,13.5,19.6,100.2,39.6,82.1,0.483,6.6,18.5,0.355,33.1,63.6,0.52,16.9,22.5,0.751,10.6,31.5,42.1,23.5,7,4.5,14.4,19.5,102.7,27.5,37,45,34,48,-2.46,0.19,-2.27,107.4,110.1,-2.7,92.6,0.243,0.23,0.543,0.506,12.7,24.8,0.189,0.523,13.5,73.8,0.205,20,0.451219512,0.585365854,0.317073171,0.666666667,0.172413793,0.346938776,0,0,0.553191489,0.442307692,0,0.0625,0.5,0.6875,0.8125,0,0,0,0,0,0,11,0
2010,Houston Rockets,West,37.7,84.4,0.447,7.9,22.4,0.351,29.9,62,0.481,19,24.7,0.772,11.8,30.1,42,21.8,7.1,3.9,14.5,20.9,102.4,39.5,83,0.475,6,16.4,0.364,33.5,66.7,0.503,17.9,23.4,0.764,10.7,32.1,42.8,20.9,7.3,6.5,14.7,22.4,102.7,26,42,40,40,42,-0.37,0.35,-0.02,107.6,108,-0.4,94,0.292,0.265,0.537,0.494,13.2,26.9,0.225,0.511,13.6,73.8,0.215,16,0.512195122,0.56097561,0.463414634,0.5,0.53125,0.382978723,0,0,0.531914894,0.448979592,0,0.4375,0.75,1,1,0,0,0,0,0,0,9,0
2010,Indiana Pacers,East,36.8,83.2,0.443,8,23.1,0.348,28.8,60.1,0.479,19.1,24.6,0.775,9.6,31.9,41.5,21.1,7.1,5.4,15,22.5,100.8,38,83.8,0.453,6.2,17.1,0.363,31.7,66.7,0.476,21.6,28.6,0.756,11.8,34.8,46.6,20.7,8,5,15,20.8,103.8,26.6,32,50,33,49,-3.01,-0.1,-3.11,103.7,106.8,-3.1,97.1,0.296,0.278,0.536,0.491,13.8,21.6,0.229,0.49,13.4,73,0.258,21,0.390243902,0.56097561,0.219512195,0.375,0.416666667,0.234042553,0,0,0.333333333,0.450980392,0,0,0,1.125,2.316666667,0,0,0,0,0,0,10,0
2010,Detroit Pistons,East,35.9,80.5,0.445,4.6,14.5,0.314,31.3,66,0.474,17.7,24.4,0.728,12.8,27.3,40.2,19.4,7.3,3.8,13.4,22.2,94,36.2,75.3,0.48,6.9,18.5,0.375,29.2,56.8,0.515,19.9,25.9,0.767,9.9,29.5,39.4,23.1,6.7,4.9,14.3,20.8,99.1,26.7,27,55,26,56,-5.11,0.09,-5.02,105.6,111.4,-5.8,88.5,0.303,0.18,0.515,0.474,12.8,30.3,0.22,0.526,14.2,73.4,0.264,24,0.329268293,0.414634146,0.243902439,0.8,0.194444444,0.234042553,0,0,0.326086957,0.32,0,0,1.25,3.8125,4.579166667,0,0,0,0,0,0,12,0
2010,New Jersey Nets,East,34.3,79.9,0.429,4.6,14.5,0.318,29.7,65.5,0.454,19.2,24.6,0.78,10.9,28.8,39.7,18.8,7,4.8,14.4,20,92.4,38.7,80.4,0.481,5.7,15.6,0.366,33,64.8,0.509,18.4,24.6,0.748,11.3,32.7,44,23.9,7.8,5.1,14,20.1,101.5,24.8,12,70,17,65,-9.12,0.19,-8.93,100.6,110.5,-9.9,91.4,0.307,0.181,0.509,0.458,13.7,25.1,0.24,0.517,13.3,71.8,0.229,30,0.146341463,0.195121951,0.097560976,0.125,0.102040816,0.127659574,0,0,0.086956522,0.18,0,0,0.375,1.125,2.733333333,0,0,0,0,0,0,15,0
2010,Los Angeles Lakers,West,38.3,83.8,0.457,6.5,19,0.341,31.9,64.8,0.492,18.5,24.2,0.765,11.9,32.5,44.3,21.1,7.5,4.9,13.4,19.4,101.7,37.2,83.4,0.446,6.3,19.3,0.328,30.9,64.1,0.481,16.2,21.7,0.75,11.1,31,42.2,21.9,7,4.4,14.1,21.2,97,28.4,57,25,54,28,4.72,0.06,4.78,108.8,103.7,5.1,92.8,0.289,0.227,0.538,0.496,12.4,27.6,0.221,0.484,13.2,74.4,0.195,3,0.695121951,0.829268293,0.56097561,0.611111111,0.675,0.574468085,1,100,0.770833333,0.62745098,1,1,1.9375,2.9375,6.3125,788,17,2.918,1.442,13,13,1,1
2010,Oklahoma City Thunder,West,37.4,80.8,0.462,5.1,15,0.34,32.3,65.9,0.49,21.7,27,0.805,11.7,31.8,43.5,20,8,5.9,15,21.3,101.5,36.7,81.9,0.448,5.9,17.2,0.34,30.8,64.7,0.476,18.8,24.6,0.764,11.4,29.2,40.7,19.7,7.5,4.7,15.1,21.4,98,23.2,50,32,51,31,3.49,0.06,3.55,108.3,104.6,3.7,93.1,0.333,0.185,0.547,0.494,13.9,28.6,0.268,0.483,14,73.6,0.229,10,0.609756098,0.658536585,0.56097561,0.388888889,0.735294118,0.446808511,0.125,6.25,0.553191489,0.64,1,0,0,0,0,91,0,0,0,0,0,6,0
2010,New York Knicks,East,38.1,83.9,0.455,9.1,26.2,0.346,29.1,57.7,0.504,16.8,21.5,0.782,10.2,30.2,40.4,21.6,7.1,3.7,14,20,102.1,40.9,84.2,0.486,6.7,19.2,0.352,34.1,65,0.525,17.4,23.1,0.754,11.7,33.2,44.9,21,7.1,4.5,14.4,19.2,105.9,25.4,29,53,31,51,-3.82,-0.19,-4.01,107.6,111.6,-4,94,0.256,0.312,0.547,0.509,13,23.5,0.2,0.526,13.3,72.1,0.207,23,0.353658537,0.43902439,0.268292683,0.4,0.263157895,0.239130435,0,0,0.382978723,0.34,0,0,0,0,0.733333333,0,0,0,0,0,0,11,0
2010,Miami Heat,East,36.4,79.5,0.458,6,17.4,0.346,30.4,62.1,0.489,17.7,23.5,0.752,10.7,31.1,41.8,18.9,7.4,5.6,13.2,20.9,96.5,34.3,78.1,0.439,6.4,18.7,0.342,27.9,59.5,0.469,19.2,25.5,0.754,10.4,30.3,40.7,18.8,6.3,4.3,14.4,20,94.2,27.1,47,35,48,34,2.28,-0.29,1.99,106.6,104.1,2.5,89.6,0.296,0.219,0.537,0.496,12.8,26.1,0.223,0.48,13.9,74.9,0.246,13,0.573170732,0.585365854,0.56097561,0.7,0.6,0.386363636,0.0625,6.25,0.510638298,0.596153846,1,0.1875,0.1875,2.25,2.65,357,2,1.093,0.178,7,1,5,0
2010,Charlotte Bobcats,East,34.9,76.9,0.453,5.6,16.2,0.346,29.2,60.7,0.482,20,26.6,0.751,10.5,30.4,40.8,20.2,7.7,5.4,15.7,19.5,95.3,35.7,79.7,0.448,7,20.7,0.338,28.7,59,0.486,15.5,20.9,0.743,10.6,29,39.6,20.3,7.5,6.1,15.3,22,93.8,27.4,44,38,45,37,1.46,-0.17,1.3,104.4,102.8,1.6,90.4,0.346,0.211,0.538,0.49,15.1,26.5,0.26,0.491,14.7,74.2,0.194,15,0.536585366,0.756097561,0.317073171,0.5625,0.65625,0.422222222,0,6.25,0.52173913,0.615384615,1,0,0,0,0,273,2,0,0.438,0,3,7,0
2010,Chicago Bulls,East,37.6,83.2,0.451,4.3,13,0.33,33.3,70.2,0.474,18,23.9,0.754,11.4,33.1,44.5,20.8,6.5,5.8,14.3,20.1,97.5,37.1,84,0.442,7.1,20.5,0.348,30,63.5,0.472,17.8,23.9,0.744,11.2,31.6,42.7,20.9,7,5.3,13.3,20,99.1,26.2,41,41,36,46,-1.63,0,-1.64,103.5,105.3,-1.8,93.1,0.287,0.156,0.52,0.477,13.3,26.6,0.217,0.484,12.3,74.8,0.212,17,0.5,0.585365854,0.414634146,0.583333333,0.416666667,0.4,0.0625,6.25,0.511111111,0.538461538,1,0.1875,0.5625,0.8125,0.8125,212,1,0,0.027,0,1,8,0
2010,Memphis Grizzlies,West,39.3,83.8,0.469,4.2,12.4,0.337,35.1,71.4,0.492,19.7,26.9,0.733,13,30.4,43.5,18.8,7.9,4.9,15.2,20.2,102.5,40,83.5,0.478,7,19.7,0.354,33,63.8,0.517,17.1,22.7,0.755,11.1,28.6,39.7,22.9,7.7,6.1,14.2,22.4,104,24.1,40,42,37,45,-1.51,0.13,-1.39,108.3,109.9,-1.6,93.6,0.32,0.148,0.536,0.494,13.7,31.3,0.235,0.52,13.2,73.3,0.205,18,0.487804878,0.56097561,0.414634146,0.6,0.395348837,0.346938776,0,0,0.543478261,0.490196078,0,0,0,0,0,0,0,0,0,0,0,10,0
2010,Golden State Warriors,West,40.6,86.5,0.469,7.7,20.6,0.375,32.9,65.9,0.499,19.9,25.4,0.782,9.2,29.2,38.4,22.4,9.3,4.1,14.7,23,108.8,41.6,85.8,0.485,6.9,18.5,0.375,34.7,67.3,0.515,22.3,29.1,0.767,13.4,34.7,48.1,24.1,7.9,5,17.6,21.4,112.4,25.1,26,56,32,50,-3.6,0.32,-3.28,108.1,111.7,-3.6,100.4,0.294,0.238,0.557,0.514,13.1,20.9,0.23,0.525,15.1,68.5,0.26,26,0.317073171,0.43902439,0.195121951,0.2,0.333333333,0.163265306,0,0,0.282608696,0.333333333,0,0,0.3125,0.3125,0.3125,0,0,0,0,0,0,13,0
2010,Denver Nuggets,West,38.1,81.4,0.468,6.6,18.5,0.359,31.5,62.9,0.5,23.6,30.6,0.772,10.8,30.5,41.4,21,8.3,5.1,13.9,22.5,106.5,37.7,82.5,0.456,6.4,18.3,0.349,31.3,64.2,0.487,20.7,26.9,0.768,11.6,30.6,42.3,21,7,5.3,15.1,23.7,102.4,27.7,53,29,52,30,4.09,0.06,4.15,111.8,107.5,4.3,94.8,0.376,0.227,0.561,0.509,12.7,26.1,0.29,0.495,13.8,72.4,0.251,7,0.646341463,0.829268293,0.463414634,0.692307692,0.69047619,0.586956522,0.125,6.25,0.680851064,0.66,1,0.625,0.6875,0.875,0.875,420,1,0.378,0.029,6,2,4,0
2010,Sacramento Kings,West,38.3,84.1,0.456,5.9,16.9,0.349,32.5,67.2,0.483,17.4,24,0.726,11.9,30.7,42.6,20.5,6.9,4.5,15,22.3,100,39,83.3,0.469,6.1,17,0.357,33,66.3,0.497,20.3,26.2,0.774,11.1,31,42,20.5,7.1,5.7,13.7,20.1,104.4,24.1,25,57,29,53,-4.37,0.3,-4.06,105.3,109.9,-4.6,94,0.286,0.201,0.528,0.491,13.6,27.8,0.207,0.505,12.6,73.5,0.244,28,0.304878049,0.43902439,0.170731707,0.461538462,0.27027027,0.18,0,0,0.347826087,0.215686275,0,0,0,0.625,2.0625,0,0,0,0,0,0,14,0
2010,Minnesota Timberwolves,West,37.9,84.4,0.449,4.9,14.4,0.341,33,70,0.471,17.5,23.5,0.746,11.7,31.2,42.9,19.8,7.3,3.7,16.3,20.7,98.2,40.8,84.9,0.48,7.5,20.6,0.366,33.2,64.3,0.517,18.7,24.2,0.774,11.2,32.2,43.4,25.6,8.8,5.4,14.3,20.6,107.8,24.1,15,67,17,65,-9.6,0.54,-9.06,101.7,111.6,-9.9,96.1,0.278,0.171,0.518,0.478,14.6,26.7,0.207,0.525,13,73.6,0.22,29,0.182926829,0.243902439,0.12195122,0.25,0.093023256,0.102040816,0,0,0.224489796,0.163265306,0,0,0,0.625,0.883333333,0,0,0,0,0,0,15,0
2010,Milwaukee Bucks,East,37.2,85.3,0.436,7.9,22.1,0.356,29.3,63.2,0.464,15.4,20.4,0.755,11.8,31.2,43,21.2,7.1,4.7,13.2,22.2,97.7,35,77.6,0.451,5.3,15.6,0.343,29.7,62,0.478,20.6,27,0.765,9.6,33.2,42.8,19.3,7,5.1,15.3,20.3,96,26.4,46,36,46,36,1.7,-0.32,1.37,104.9,103.1,1.8,91.7,0.239,0.259,0.518,0.482,12.3,26.2,0.181,0.486,14.6,76.4,0.266,14,0.56097561,0.682926829,0.43902439,0.368421053,0.527777778,0.409090909,0.1875,6.25,0.444444444,0.653846154,1,0,0,0.125,1.05,217,0,0.004,0,0,0,6,0
2010,Philadelphia 76ers,East,37.6,81.8,0.46,5.8,16.8,0.343,31.9,64.9,0.491,16.7,22,0.756,11.5,29.5,41,21,8.1,5.4,14.5,20.5,97.7,37.9,80.2,0.472,7.4,18.8,0.393,30.5,61.4,0.497,18.5,24.2,0.766,10.8,30.1,41,22.1,7.6,4,14.5,18.7,101.6,25.4,27,55,30,52,-3.9,-0.03,-3.93,106.1,110.3,-4.2,91.6,0.27,0.206,0.534,0.496,13.7,27.6,0.204,0.518,13.8,73.2,0.231,25,0.329268293,0.292682927,0.365853659,0.428571429,0.365853659,0.229166667,0,0,0.340425532,0.36,0,0.125,0.25,0.3125,1.954166667,0,0,0,0,0,0,13,0
2010,Atlanta Hawks,East,38.8,82.9,0.468,6.4,17.7,0.36,32.4,65.2,0.497,17.7,23.3,0.759,11.8,29.9,41.7,21.8,7.2,5,12,19.9,101.7,37.2,80.8,0.46,5.9,17,0.345,31.3,63.8,0.491,16.8,22.6,0.745,11.2,30.1,41.4,21,6.2,4.4,13.8,19.3,97,26.5,53,29,54,28,4.66,-0.22,4.44,111.9,106.7,5.2,90.1,0.281,0.214,0.545,0.506,11.4,28.2,0.213,0.496,13.2,72.7,0.208,6,0.646341463,0.829268293,0.463414634,0.4,0.775,0.555555556,0.25,12.5,0.652173913,0.62745098,1,0.25,0.4375,0.4375,0.4375,359,0,0.001,0.062,0,0,3,1
2010,Cleveland Cavaliers,East,37.8,77.9,0.485,7.3,19.3,0.381,30.5,58.6,0.52,19.1,26.6,0.72,9.6,32.8,42.5,22.4,6.9,5.2,13.9,19.4,102.1,35.8,80.9,0.442,6.4,18.4,0.347,29.4,62.5,0.471,17.6,23.3,0.757,9.7,28.9,38.5,20.3,6.6,4,12.7,20.8,95.6,28,61,21,59,23,6.52,-0.36,6.17,111.2,104.1,7.1,91.4,0.341,0.248,0.57,0.532,13.4,25.1,0.246,0.482,12.3,77.2,0.218,1,0.743902439,0.853658537,0.634146341,0.466666667,0.864864865,0.622222222,0.375,12.5,0.775510204,0.729166667,1,0.625,1.8125,2.25,2.25,560,5,6.472,0.504,19,4,1,1
2010,Los Angeles Clippers,West,36.6,80.5,0.455,5.9,17.8,0.332,30.7,62.7,0.49,16.6,22.8,0.73,11.3,30.5,41.8,22.1,6.5,5.7,15.7,19.3,95.7,38.9,82.8,0.47,6.5,17.8,0.363,32.5,65.1,0.499,17.7,23.3,0.762,10.7,30.4,41.1,23.5,8.4,4.4,12.9,19.4,102.1,27.3,29,53,24,58,-6.35,0.34,-6.01,103.3,110.1,-6.8,92.6,0.283,0.221,0.529,0.491,14.8,27.1,0.206,0.509,12.2,74,0.214,22,0.353658537,0.512195122,0.195121951,0.625,0.255319149,0.270833333,0,0,0.425531915,0.3,0,0,0,0.4375,0.4375,0,0,0,0,0,0,12,0
2010,Dallas Mavericks,West,38.3,82.4,0.464,6.8,18.3,0.372,31.5,64.2,0.491,18.6,22.8,0.816,10.2,31.5,41.7,23.4,7.6,5.5,12.9,19.1,102,37.9,83,0.457,6.4,18.5,0.347,31.5,64.5,0.488,17.1,22.5,0.758,11.2,31.6,42.9,20.2,6.9,4.1,14.6,20.1,99.3,30.7,55,27,49,33,2.72,-0.06,2.66,109.2,106.3,2.9,92.5,0.277,0.222,0.552,0.506,12.3,24.3,0.226,0.495,13.6,73.7,0.206,4,0.670731707,0.682926829,0.658536585,0.818181818,0.6,0.6,0.125,6.25,0.638297872,0.66,1,0.3125,0.5,1.8125,2.970833333,521,0,2.598,0.321,17,8,2,1
2010,San Antonio Spurs,West,38.4,81.2,0.473,6.8,18.9,0.358,31.7,62.3,0.508,17.8,24,0.74,10.8,32,42.8,22.3,6.3,4.6,13.6,20.4,101.4,36.9,81.6,0.452,5,14.6,0.343,31.9,67,0.476,17.5,23.1,0.756,9.9,29.6,39.5,19.2,6.9,5.1,12.6,20.4,96.3,28.7,50,32,55,27,5.09,-0.02,5.07,110,104.5,5.5,91.7,0.296,0.232,0.552,0.515,12.9,26.8,0.219,0.483,12.1,76.3,0.214,12,0.609756098,0.707317073,0.512195122,0.6,0.790697674,0.434782609,0.25,12.5,0.586956522,0.596153846,1,0.0625,1.625,3.4375,5.2375,596,11,4.226,0.823,15,12,8,0
2010,Portland Trail Blazers,West,36.3,78.7,0.461,6,16.9,0.354,30.3,61.8,0.49,19.6,24.8,0.79,11.1,29.1,40.2,20.4,6.4,4.3,12.3,20.9,98.1,36,77.5,0.464,5.9,17.1,0.343,30.1,60.4,0.499,17,22.8,0.745,9.8,28.3,38.1,19.3,5.9,4.1,13.5,21.5,94.8,26.6,50,32,51,31,3.3,-0.13,3.18,110.8,107.1,3.7,87.7,0.315,0.215,0.547,0.499,12.1,28.2,0.249,0.502,13.3,74.8,0.219,11,0.609756098,0.634146341,0.585365854,0.666666667,0.648648649,0.488888889,0.125,6.25,0.571428571,0.604166667,1,0.125,0.125,0.125,0.979166667,140,0,0.007,1.31,2,4,7,0
2010,Boston Celtics,East,37.1,76.8,0.483,6.1,17.5,0.348,31,59.3,0.523,19,25.5,0.746,8.7,29.9,38.6,23.5,8.5,4.9,14.9,22.1,99.2,35.1,77.9,0.451,5.7,16.8,0.342,29.4,61.2,0.481,19.6,26.2,0.746,10.6,29.5,40.1,19.3,7,4.7,15.6,21.7,95.6,29.4,50,32,52,30,3.66,-0.29,3.37,107.7,103.8,3.9,91.6,0.332,0.228,0.564,0.522,14.5,22.8,0.248,0.487,14.9,73.8,0.251,9,0.609756098,0.585365854,0.634146341,0.571428571,0.696969697,0.5,0.9375,50,0.644444444,0.529411765,1,0.4375,1.4375,1.625,2.475,713,9,2.835,1.474,15,11,4,0
2009,Phoenix Suns,West,41.1,81.6,0.504,6.7,17.6,0.383,34.4,64,0.537,20.4,27.5,0.744,11,30.7,41.7,23.2,7.2,5.1,15.7,20.6,109.4,40,85.7,0.467,7.6,19.9,0.383,32.3,65.7,0.492,19.9,25.7,0.775,12.1,28.7,40.8,21.2,8.6,4.5,14.2,22.9,107.5,29.5,46,36,46,36,1.93,-0.31,1.62,113.6,111.6,2,96,0.336,0.216,0.584,0.545,14.4,27.7,0.25,0.511,12.8,71.7,0.233,13,0.56097561,0.682926829,0.43902439,0.625,0.522727273,0.348837209,0,0,0.555555556,0.538461538,0,0.0625,1.0625,1.75,2.083333333,0,0,0,0,0,0,9,0
2009,Washington Wizards,East,36.5,81.2,0.45,4.8,14.6,0.33,31.7,66.5,0.476,18.2,23.8,0.767,11.7,28.4,40.1,20,7.5,4.5,14,20.5,96.1,38.6,80.1,0.482,8.2,21.2,0.387,30.4,58.8,0.516,18.1,23.9,0.759,11.4,30.4,41.8,24.6,7.2,5.3,13.9,20,103.5,26.9,19,63,21,61,-7.46,0.48,-6.98,105.4,113.6,-8.2,91,0.293,0.18,0.524,0.48,13.2,27.7,0.224,0.533,13.3,71.4,0.227,29,0.231707317,0.317073171,0.146341463,0.583333333,0.166666667,0.111111111,0,0,0.212765957,0.25,0,0.125,0.25,0.5,0.5,0,0,0,0,0,0,15,0
2009,Miami Heat,East,37,81,0.457,7.1,19.9,0.357,29.9,61.2,0.489,17.2,22.8,0.754,10.1,29.4,39.5,20.4,7.9,5.5,12.5,20.7,98.3,35.6,78.2,0.455,7.2,18.5,0.389,28.4,59.7,0.476,19.6,25.4,0.771,10.9,30.9,41.9,20.1,6.4,4.1,15.2,19.9,98,25.6,43,39,42,40,0.26,0.23,0.49,107.8,107.6,0.2,89.9,0.282,0.245,0.54,0.5,12.1,24.6,0.212,0.501,14.5,72.9,0.251,14,0.524390244,0.682926829,0.365853659,0.538461538,0.484848485,0.357142857,0.1875,6.25,0.543478261,0.5,1,0,1,2.0625,2.595833333,268,2,0.531,0.027,6,0,5,0
2009,Minnesota Timberwolves,West,36.4,82.5,0.441,6.6,18.8,0.353,29.8,63.7,0.467,18.3,23.9,0.769,11.9,29.8,41.7,20.4,6.2,3.9,14.2,21.8,97.8,37.9,80,0.474,6.5,17.3,0.377,31.4,62.7,0.5,20.3,26.2,0.778,9.9,31,40.9,21.5,7.4,5.9,12.5,20,102.7,25.4,24,58,27,55,-4.91,0.18,-4.74,106.1,111.4,-5.3,91.6,0.289,0.227,0.526,0.481,13.3,27.7,0.222,0.515,12,75,0.254,26,0.292682927,0.268292683,0.317073171,0.428571429,0.205882353,0.145833333,0,0,0.355555556,0.352941176,0,0,0,0.75,0.95,0,0,0,0,0,0,12,0
2009,Memphis Grizzlies,West,34.9,77,0.454,4.9,13.5,0.36,30.1,63.5,0.474,19.1,25.3,0.756,10.3,28.5,38.8,17.4,7.5,4.7,15.3,21.7,93.9,36.8,77.8,0.473,6.5,18.4,0.355,30.3,59.4,0.51,19.2,24.9,0.77,10.3,29.6,39.9,21.2,7.7,5.4,14.6,21.8,99.3,23.3,24,58,26,56,-5.46,0.24,-5.23,103.5,109.5,-6,90.1,0.329,0.175,0.533,0.486,14.8,25.8,0.249,0.515,14.1,73.5,0.247,25,0.292682927,0.390243902,0.195121951,0.333333333,0.224489796,0.204081633,0,0,0.239130435,0.28,0,0,0,0,0,0,0,0,0,0,0,11,0
2009,Detroit Pistons,East,36.4,80,0.454,4.6,13.2,0.349,31.8,66.8,0.475,16.9,22.5,0.751,11.6,29.9,41.4,20.6,6,4.6,11.9,20.9,94.2,35.1,77.8,0.451,5.3,15,0.354,29.8,62.8,0.474,19.3,24.9,0.775,10.5,29.9,40.4,20.1,5.6,4.2,11.8,19.7,94.7,28.2,39,43,40,42,-0.49,0.13,-0.36,107.4,108,-0.6,86.7,0.282,0.165,0.524,0.483,11.7,27.9,0.212,0.485,11.7,74,0.248,17,0.475609756,0.512195122,0.43902439,0.454545455,0.428571429,0.279069767,0,6.25,0.555555556,0.384615385,1,0.625,1.875,4.3125,4.7125,546,3,0.002,0.139,1,4,8,0
2009,Oklahoma City Thunder,West,36.6,81.9,0.447,4,11.6,0.346,32.6,70.3,0.463,19.8,25.2,0.786,12.2,30.5,42.6,20.3,7.4,4.5,16.2,20.2,97,39.4,82.9,0.475,6.4,17.5,0.364,33,65.4,0.505,17.9,23.5,0.761,10.8,30.4,41.2,21.6,8.5,5,13.9,20.2,103.1,24.5,23,59,24,58,-6.1,0.06,-6.04,102.9,109.4,-6.5,93.6,0.308,0.141,0.521,0.471,14.8,28.6,0.242,0.514,13,73.9,0.216,27,0.280487805,0.365853659,0.195121951,0.4375,0.15,0.14893617,0,0,0.234042553,0.387755102,0,0,0,0,0,0,0,0,0,0,0,13,0
2009,New Jersey Nets,East,35.7,79.7,0.448,8,21.2,0.376,27.7,58.5,0.473,18.8,24.1,0.779,10.4,29.5,39.8,20,6.8,4.8,13.1,22.4,98.1,36,77.9,0.462,7.3,18.7,0.391,28.7,59.1,0.485,21.2,27.8,0.762,10.6,30.8,41.4,21.9,6.9,4.8,13.5,20.5,100.5,25.7,34,48,34,48,-2.44,0.13,-2.31,108.3,111,-2.7,89.9,0.303,0.265,0.543,0.497,12.7,25.2,0.236,0.509,13,73.5,0.272,21,0.414634146,0.463414634,0.365853659,0.428571429,0.428571429,0.318181818,0,0,0.4375,0.38,0,0,0.6875,2,2.733333333,0,0,0,0,0,0,12,0
2009,Milwaukee Bucks,East,36.7,82.4,0.445,6.2,17.2,0.363,30.5,65.2,0.467,19.7,25.2,0.78,11.9,28.9,40.7,22,7.4,3.8,14.1,24.2,99.3,34.8,76,0.458,6.9,18.1,0.378,28,57.9,0.483,23.9,30.2,0.791,10.1,30.8,41,21.1,7.5,4.6,16.5,22.5,100.4,26.3,34,48,38,44,-1.09,0.21,-0.88,106.7,107.9,-1.2,92.6,0.306,0.208,0.531,0.483,13.1,27.8,0.239,0.503,15.6,74,0.315,20,0.414634146,0.536585366,0.292682927,0.625,0.432432432,0.255813953,0,0,0.470588235,0.387755102,0,0,0.0625,0.25,1.05,0,0,0,0,0,0,11,0
2009,Sacramento Kings,West,36.5,81.5,0.447,7.1,19.4,0.368,29.3,62.1,0.472,20.5,25.7,0.798,10.2,28.9,39.1,19.7,6.9,4.3,15.4,23.3,100.6,40,82.8,0.483,7.1,17.4,0.406,32.9,65.4,0.504,22.2,29.4,0.756,12.4,31.6,44,21.9,8.6,5.2,14.4,21.2,109.3,26.3,17,65,19,63,-8.76,0.16,-8.6,105.5,114.7,-9.2,94.2,0.315,0.238,0.542,0.491,14.3,24.5,0.252,0.526,13,69.9,0.269,30,0.207317073,0.268292683,0.146341463,0.125,0.153846154,0.106382979,0,0,0.208333333,0.18,0,0,0.125,1.0625,2.195833333,0,0,0,0,0,0,15,0
2009,Golden State Warriors,West,39.4,86,0.458,6.7,18,0.373,32.7,68,0.48,23.1,29.2,0.791,11.6,30.4,42,20.9,7.8,6.4,14.6,22.5,108.6,41.5,88.7,0.468,7.1,18.7,0.38,34.4,70,0.491,22.3,28.6,0.779,14.2,32.9,47.1,24.1,7.9,5,15,23.5,112.3,25,29,53,31,51,-3.74,-0.06,-3.8,109.5,113.3,-3.8,98.2,0.339,0.209,0.549,0.497,12.9,26.1,0.268,0.508,12.9,68.1,0.251,24,0.353658537,0.512195122,0.195121951,0.333333333,0.342105263,0.255319149,0,0,0.3125,0.395833333,0,0,0.3125,0.3125,0.3125,0,0,0,0,0,0,10,0
2009,Denver Nuggets,West,37.3,79.4,0.47,6.7,18,0.371,30.6,61.4,0.499,23.1,30.3,0.76,11,30.6,41.6,22.2,8.7,6,15.3,22.9,104.3,36.2,82.2,0.44,7.3,20,0.366,28.8,62.1,0.464,21.2,27.2,0.782,12.1,29.2,41.2,21.4,7.9,5.5,15.4,23.7,100.9,27.7,54,28,50,32,3.41,-0.29,3.13,110.4,106.8,3.6,94.3,0.382,0.227,0.563,0.512,14.2,27.5,0.29,0.485,14.1,71.7,0.259,5,0.658536585,0.804878049,0.512195122,0.615384615,0.695652174,0.522727273,0.625,25,0.659574468,0.673469388,1,0,0.125,0.25,0.25,284,1,0.351,0.012,4,2,2,1
2009,New York Knicks,East,38.5,86.5,0.445,10,27.9,0.36,28.5,58.6,0.486,18.2,23.2,0.784,11.1,31,42.1,21.2,7.4,2.5,14.3,20.4,105.2,41.2,85.9,0.48,7,19.8,0.351,34.2,66,0.518,18.5,24.4,0.758,11.6,34.5,46.1,21.6,8,5.3,14.5,19.4,107.8,25.7,32,50,34,48,-2.61,0.28,-2.33,108.1,110.8,-2.7,96.7,0.268,0.322,0.544,0.503,12.9,24.4,0.21,0.52,13,72.7,0.215,23,0.390243902,0.487804878,0.292682927,0.2,0.375,0.279069767,0,0,0.456521739,0.384615385,0,0,0,0,1.533333333,0,0,0,0,0,0,14,0
2009,Dallas Mavericks,West,38.1,82.6,0.462,7,19.9,0.35,31.2,62.7,0.498,18.5,22.6,0.819,11.1,31.6,42.7,21.7,7.2,5.2,12.7,19.5,101.7,37.5,82.3,0.455,6.3,16.8,0.375,31.1,65.5,0.475,18.6,23.3,0.798,10.8,30.6,41.4,19.6,7.2,4.1,13,20.1,99.8,29,50,32,47,35,1.98,-0.3,1.68,110.5,108.4,2.1,91.5,0.274,0.241,0.55,0.504,12.1,26.6,0.224,0.493,12.3,74.6,0.225,9,0.609756098,0.780487805,0.43902439,0.714285714,0.666666667,0.454545455,0.3125,12.5,0.586956522,0.607843137,1,0.0625,1.0625,2.125,2.658333333,365,0,2.594,0.027,14,8,6,0
2009,Charlotte Bobcats,East,35,76.8,0.455,6,16.3,0.366,29,60.5,0.479,17.7,24,0.74,10.8,28.9,39.7,21.2,7.1,4.8,15.6,21.4,93.6,35.2,77.4,0.454,6.8,18.6,0.366,28.4,58.8,0.482,17.8,23.5,0.756,10.7,28.2,38.9,19.6,7.6,6,14.7,20.9,94.9,25.8,35,47,37,45,-1.27,0.07,-1.2,104.7,106.1,-1.4,88.3,0.312,0.213,0.536,0.494,15.1,27.7,0.231,0.498,14.4,73,0.229,19,0.426829268,0.56097561,0.292682927,0.5,0.4375,0.325581395,0,0,0.404255319,0.48,0,0,0,0,0,0,0,0,0,0,0,10,0
2009,Los Angeles Clippers,West,36,81.7,0.441,6.5,18.5,0.354,29.5,63.2,0.467,16.5,22.4,0.736,10.9,29,39.8,21,7,5.9,14.9,20.1,95.1,39.2,83,0.473,6.5,17.5,0.375,32.7,65.5,0.499,18.9,24.8,0.76,11.7,32.4,44.1,23.8,8,5,13.3,19.6,103.9,26.6,19,63,18,64,-8.77,0.3,-8.47,102.3,111.7,-9.4,92.1,0.275,0.226,0.52,0.481,14,25.1,0.202,0.512,12.4,71.2,0.227,28,0.231707317,0.268292683,0.195121951,0.333333333,0.196078431,0.125,0,0,0.212765957,0.215686275,0,0,0.4375,0.4375,0.4375,0,0,0,0,0,0,14,0
2009,San Antonio Spurs,West,37.1,79.7,0.466,7.6,19.8,0.386,29.5,59.9,0.492,15.2,20,0.761,8.9,32.2,41,21.2,5.8,4,11.7,18.9,97,36.3,80.1,0.453,5.5,14.4,0.379,30.8,65.7,0.469,15.3,19.9,0.769,9.1,31.3,40.4,18.1,6.5,4.3,11.7,18.4,93.3,30.4,54,28,52,30,3.76,-0.4,3.36,108.5,104.3,4.2,88.4,0.251,0.248,0.548,0.513,11.7,22.1,0.191,0.487,11.7,78,0.191,7,0.658536585,0.682926829,0.634146341,0.631578947,0.684210526,0.511627907,0.0625,6.25,0.695652174,0.666666667,1,0.5625,2,4.375,6.175,779,14,4.213,2.322,11,19,4,0
2009,Philadelphia 76ers,East,36.5,79.7,0.459,4.2,13.1,0.318,32.4,66.6,0.486,20.1,27,0.745,12.7,28.5,41.2,20.1,8,5.1,14.1,20.1,97.4,36.5,79.1,0.462,7.1,19.5,0.367,29.4,59.7,0.493,17.1,21.9,0.782,11.4,27.9,39.3,21.9,7,4.9,15.6,21.8,97.3,26.1,41,41,41,41,0.07,0.09,0.16,107.9,107.8,0.1,90,0.339,0.164,0.532,0.485,13.4,31.3,0.253,0.507,14.9,71.4,0.216,16,0.5,0.585365854,0.414634146,0.4,0.441176471,0.35,0.125,6.25,0.5,0.549019608,1,0.125,0.125,0.5625,2.029166667,162,0,0,0.241,0,2,7,0
2009,Orlando Magic,East,35.7,78.2,0.457,10,26.2,0.381,25.8,52.1,0.495,19.6,27.5,0.715,10,33.3,43.3,19.4,7,5.4,13.9,20.3,101,35.8,82.7,0.433,5.4,15.8,0.342,30.4,66.9,0.454,17.3,23,0.755,10.5,31.6,42.1,18.1,6.9,3.8,13.1,22.4,94.4,27.3,59,23,59,23,6.7,-0.21,6.48,109.2,101.9,7.3,92.3,0.351,0.335,0.559,0.52,13.4,24,0.251,0.465,12.3,75.9,0.209,4,0.719512195,0.780487805,0.658536585,0.818181818,0.761904762,0.675,0.8125,50,0.777777778,0.68,1,0.3125,0.3125,0.5,0.7,306,1,0.048,0.055,2,1,3,1
2009,Chicago Bulls,East,38.1,83.5,0.457,6,15.8,0.381,32.1,67.7,0.474,19.9,25,0.796,11.8,30.3,42.1,21.1,7.5,5.5,14.5,20.8,102.2,38.3,83.7,0.458,5.9,17.1,0.347,32.4,66.6,0.486,19.9,25.3,0.786,12.4,30.4,42.8,21,7.6,5.5,14.4,20.8,102.5,24.9,41,41,40,42,-0.28,0.12,-0.16,108.4,108.7,-0.3,93.1,0.3,0.189,0.541,0.493,13.3,28,0.239,0.493,13.1,70.9,0.238,15,0.5,0.682926829,0.317073171,0.333333333,0.486486486,0.375,0.1875,6.25,0.4375,0.54,1,0,0.5,0.625,0.625,294,2,0,0.021,0,1,6,0
2009,Indiana Pacers,East,39.3,86.3,0.455,8,21,0.378,31.3,65.3,0.48,18.6,23,0.807,11.3,32.5,43.7,21.6,7,5.3,14.5,23.1,105.1,38.3,83.7,0.458,6.9,18.5,0.375,31.4,65.2,0.481,22.6,29.6,0.764,11.1,33,44.1,21.1,7.7,5.4,14,20.6,106.2,26.5,36,46,38,44,-1.11,0.35,-0.76,108.1,109.2,-1.1,96.5,0.267,0.244,0.545,0.501,13.1,25.4,0.215,0.499,12.7,74.5,0.271,18,0.43902439,0.609756098,0.268292683,0.428571429,0.375,0.333333333,0,0,0.395833333,0.509803922,0,0,0.125,1.25,2.916666667,0,0,0,0,0,0,9,0
2009,New Orleans Hornets,West,35.5,77.6,0.457,6.8,18.6,0.364,28.7,59,0.487,18,22.4,0.807,9.8,29.9,39.7,19.6,7.2,4.1,12.5,20.3,95.8,34.8,77.2,0.45,7,19.8,0.354,27.8,57.4,0.484,17.7,22.9,0.773,10,30,40,20.1,5.8,3.5,13.3,20.4,94.3,28.2,49,33,46,36,1.55,-0.14,1.41,108.7,107,1.7,87.8,0.288,0.24,0.548,0.501,12.5,24.6,0.232,0.496,13.2,74.9,0.23,10,0.597560976,0.682926829,0.512195122,0.888888889,0.575,0.431818182,0.0625,6.25,0.636363636,0.555555556,1,0.4375,0.4375,0.75,0.75,383,4,0.939,0.085,2,1,7,0
2009,Los Angeles Lakers,West,40.3,85.1,0.474,6.7,18.5,0.361,33.7,66.6,0.505,19.6,25.5,0.77,12.4,31.5,43.9,23.3,8.8,5.1,13.5,20.7,106.9,37.2,83.2,0.447,7.1,20.7,0.345,30,62.5,0.481,17.7,23.5,0.753,11.7,29.8,41.5,22.6,7.7,4.8,15.5,22.1,99.3,27.4,65,17,61,21,7.66,-0.55,7.11,112.8,104.7,8.1,94.3,0.299,0.217,0.555,0.513,12.3,29.4,0.23,0.49,14.2,73,0.213,2,0.792682927,0.87804878,0.707317073,0.583333333,0.833333333,0.720930233,1,100,0.804347826,0.769230769,1,0.875,1.125,2.3125,5.5125,536,6,2.341,0.145,10,8,1,1
2009,Portland Trail Blazers,West,36.8,79.2,0.465,7.3,19,0.383,29.5,60.2,0.49,18.5,24.2,0.765,12.9,28.8,41.7,20.3,6.7,4.9,12.9,20.4,99.4,35.4,76.9,0.46,5.9,15.9,0.374,29.4,61,0.482,17.4,21.7,0.803,9.6,26.7,36.3,19.4,6.3,3.9,13.2,21.1,94.1,24,54,28,56,26,5.34,-0.35,5,113.9,107.8,6.1,86.6,0.306,0.239,0.553,0.511,12.5,32.6,0.234,0.499,13.2,75,0.227,6,0.658536585,0.829268293,0.487804878,0.9,0.738095238,0.477272727,0.125,6.25,0.630434783,0.68,1,0,0,0.1875,1.320833333,33,0,0,0.01,0,0,3,1
2009,Boston Celtics,East,37.5,77.2,0.486,6.6,16.5,0.397,30.9,60.7,0.51,19.4,25.3,0.765,10.6,31.5,42.1,22.7,7.6,4.7,15.6,23.1,100.9,33.7,78.3,0.431,6.2,17.7,0.349,27.5,60.6,0.454,19.8,25.7,0.771,10.2,27.4,37.6,18.9,7.1,4.7,14.6,22.2,93.4,27.8,62,20,61,21,7.51,-0.07,7.44,110.5,102.3,8.2,90.4,0.328,0.214,0.571,0.528,15,27.9,0.251,0.47,14,75.6,0.253,3,0.756097561,0.853658537,0.658536585,0.7,0.853658537,0.682926829,0.4375,12.5,0.8125,0.693877551,1,1,1,1.4375,2.0375,349,8,0.061,0.002,7,0,2,1
2009,Cleveland Cavaliers,East,36.9,78.7,0.468,8,20.4,0.393,28.9,58.3,0.495,18.6,24.5,0.757,10.8,31.4,42.2,20.3,7.2,5.3,12.7,20.3,100.3,33.8,78.6,0.431,5.9,17.6,0.333,28,60.9,0.459,17.8,23.1,0.77,10.7,28.2,38.9,19.1,6.3,4.1,13.9,20.3,91.4,26.6,66,16,65,17,8.93,-0.25,8.68,112.4,102.4,10,88.7,0.312,0.259,0.56,0.519,12.5,27.7,0.236,0.468,13.5,74.6,0.226,1,0.804878049,0.951219512,0.658536585,0.5,0.854166667,0.707317073,0.625,25,0.8,0.784313725,1,0.4375,1.625,1.625,1.625,426,1,1.189,3.745,9,6,1,1
2009,Utah Jazz,West,38.3,80.8,0.475,4.8,13.7,0.349,33.5,67.1,0.5,22.1,28.7,0.771,11.5,29.5,41,24.7,8.8,4.6,14.8,22.3,103.6,36.8,79.4,0.464,6.5,18,0.361,30.3,61.3,0.494,20.8,27.2,0.763,11.1,29.2,40.3,20,8,5.2,16.1,24,100.9,25.5,48,34,48,34,2.65,-0.34,2.31,110.1,107.3,2.8,93.1,0.355,0.169,0.554,0.504,13.6,28.2,0.274,0.505,15,72.7,0.262,11,0.585365854,0.804878049,0.365853659,0.25,0.634146341,0.418604651,0.0625,6.25,0.541666667,0.591836735,1,0.375,0.9375,1,1.8,328,1,0.011,0.368,2,3,8,0
2009,Atlanta Hawks,East,36,78.7,0.458,7.3,19.9,0.366,28.8,58.8,0.49,18.7,25.4,0.737,10.6,29.4,40,20.2,7.4,4.6,12.8,19.6,98.1,36.6,80.6,0.454,6.4,18.2,0.353,30.2,62.4,0.484,16.9,22,0.769,11.6,30.3,41.9,20.8,6.5,4.3,13.7,20.5,96.5,25.8,47,35,46,36,1.57,0.13,1.7,109.3,107.6,1.7,89.6,0.323,0.253,0.546,0.504,12.5,26,0.238,0.494,13.2,71.6,0.21,12,0.573170732,0.756097561,0.390243902,0.416666667,0.580645161,0.425,0.25,12.5,0.574468085,0.509803922,1,0.1875,0.1875,0.1875,0.3875,220,1,0.001,0.06,0,0,4,0
2009,Houston Rockets,West,36.1,79.6,0.453,7.6,20.2,0.375,28.5,59.4,0.48,18.7,23.2,0.805,10.5,32.5,43,20.3,6.7,4.3,14.1,18.9,98.4,36.5,82.1,0.444,5.7,15.8,0.357,30.8,66.3,0.465,15.8,21.1,0.749,10.6,29.3,39.9,19.8,7.2,5.3,12.3,20.6,94.4,27.9,53,29,53,29,4,-0.27,3.73,108.4,104,4.4,90.2,0.292,0.254,0.548,0.501,13.6,26.4,0.235,0.479,11.9,75.3,0.192,8,0.646341463,0.804878049,0.487804878,0.384615385,0.725,0.545454545,0.4375,12.5,0.604166667,0.653061224,1,0.125,0.3125,0.5625,0.629166667,314,2,0.004,3.705,8,10,5,0
2009,Toronto Raptors,East,37.2,81.4,0.458,5.8,15.7,0.372,31.4,65.7,0.478,18.7,22.7,0.824,9.8,30.6,40.4,22.4,6.4,4.8,13.4,19.4,99,38.7,83.3,0.465,7.7,20.9,0.367,31,62.3,0.498,16.8,21.5,0.784,10.9,31,41.9,23,6.4,4.7,13.3,20.1,101.9,27,33,49,33,49,-2.82,0.28,-2.54,107,110,-3,92,0.279,0.193,0.542,0.494,12.8,24,0.23,0.511,12.6,73.7,0.202,22,0.402439024,0.43902439,0.365853659,0.428571429,0.384615385,0.272727273,0,0,0.395833333,0.42,0,0.0625,0.1875,0.1875,0.720833333,0,0,0,0,0,0,13,0
2008,Denver Nuggets,West,40.3,85.8,0.47,6.9,19.6,0.355,33.4,66.3,0.504,23.1,30.7,0.751,11.2,32.9,44.1,24.7,9.2,6.7,14.7,21.1,110.7,40.7,89.1,0.457,7.6,20.9,0.363,33.1,68.2,0.485,18.1,24.7,0.73,12.7,32.7,45.4,25.7,7.9,4.8,16.4,23.8,107,28.5,50,32,51,31,3.71,0.03,3.74,110,106.3,3.7,99.7,0.358,0.228,0.557,0.51,12.9,25.5,0.269,0.499,14.1,72.1,0.203,11,0.609756098,0.804878049,0.414634146,0.5,0.617021277,0.511111111,0,6.25,0.6,0.615384615,1,0.0625,0.1875,0.25,0.25,353,0,1.57,1.105,9,3,8,0
2008,Sacramento Kings,West,37.1,80,0.464,6.2,16.7,0.373,30.9,63.3,0.488,22.1,27.7,0.798,10.1,30,40.1,19.1,7.9,4.1,16.1,22.4,102.5,38.3,82.1,0.466,7.3,19.5,0.373,31,62.6,0.495,21,27.9,0.753,11.8,30.1,41.9,22.9,8.1,5.5,15.2,23.1,104.8,27.3,38,44,35,47,-2.26,0.4,-1.86,107.5,109.9,-2.4,94.7,0.346,0.208,0.556,0.503,14.8,25.2,0.276,0.51,13.9,71.7,0.256,18,0.463414634,0.634146341,0.292682927,0.555555556,0.425,0.367346939,0,0,0.454545455,0.509433962,0,0,0.1875,1.729166667,2.195833333,0,0,0,0,0,0,11,0
2008,Boston Celtics,East,36.4,76.7,0.475,7.3,19.1,0.381,29.1,57.6,0.506,20.5,26.5,0.771,10.1,31.9,42,22.4,8.5,4.6,15.2,22.7,100.5,32.4,77.3,0.419,5.9,18.7,0.316,26.5,58.6,0.452,19.6,26.3,0.743,11,27.9,38.9,18.8,7.2,4.7,16,22.2,90.3,27.9,66,16,67,15,10.26,-0.95,9.3,110.2,98.9,11.3,90.9,0.346,0.249,0.569,0.522,14.7,26.6,0.267,0.457,15.2,74.4,0.253,1,0.804878049,0.853658537,0.756097561,0.538461538,0.9375,0.631578947,1,100,0.818181818,0.754716981,1,0,0.1875,1.0375,1.0375,388,3,2.284,0.596,13,11,1,1
2008,Houston Rockets,West,36.6,81.7,0.448,7.1,20.8,0.342,29.5,60.9,0.485,16.4,22.5,0.726,12.2,32.4,44.6,21.4,7.3,5.1,13.7,19.6,96.7,34.8,80.4,0.433,5.3,14.5,0.365,29.5,66,0.447,17.2,23.3,0.737,10.9,29.8,40.7,18.9,7.6,4.6,13.3,19.7,92,28.3,55,27,55,27,4.68,0.15,4.83,106.8,101.6,5.2,90.4,0.276,0.255,0.528,0.492,13,29.1,0.2,0.465,12.8,74.8,0.214,6,0.670731707,0.756097561,0.585365854,0.75,0.738095238,0.543478261,0.125,6.25,0.555555556,0.784313725,1,0.1875,0.375,0.4375,0.6375,242,0,0.844,2.285,9,6,4,0
2008,Golden State Warriors,West,41.5,90.3,0.459,9.3,26.6,0.348,32.2,63.7,0.506,18.8,24.9,0.752,12.7,30.4,43.2,22.4,9.1,4.6,13.2,22.9,111,39.9,85.3,0.468,7,19,0.368,32.9,66.4,0.496,22,29,0.759,12.8,34.2,47,23.6,6.9,5,16.9,21.2,108.8,25.5,48,34,47,35,2.21,0.17,2.38,111.8,109.5,2.3,98.8,0.276,0.295,0.548,0.511,11.5,27.2,0.208,0.509,14.7,70.3,0.258,12,0.585365854,0.658536585,0.512195122,0.818181818,0.611111111,0.444444444,0,0,0.595744681,0.58,0,0.3125,0.3125,0.3125,0.3125,0,0,0,0,0,0,9,0
2008,Los Angeles Lakers,West,39.6,83.1,0.476,8.1,21.4,0.378,31.5,61.8,0.51,21.3,27.7,0.769,11,33.2,44.1,24.4,8,5.3,14.1,20.6,108.6,38.1,85.6,0.445,6.8,18.7,0.362,31.4,67,0.469,18.3,24.3,0.752,12,30.7,42.8,21.9,7.7,4.5,14.2,22.6,101.3,26.7,57,25,59,23,7.26,0.09,7.34,113,105.5,7.5,95.6,0.333,0.257,0.57,0.525,12.9,26.3,0.256,0.485,12.9,73.4,0.214,3,0.695121951,0.731707317,0.658536585,0.384615385,0.804347826,0.586956522,0.875,50,0.636363636,0.730769231,1,0.0625,0.25,2.4375,5.104166667,402,6,1.468,0.08,9,7,1,1
2008,Indiana Pacers,East,37.8,85.3,0.444,9.2,24.6,0.374,28.6,60.6,0.472,19.1,24.9,0.768,11,32.1,43.1,22.7,7.6,5,15.1,23.4,104,37.7,83.1,0.454,7.4,19.2,0.386,30.3,64,0.474,22.6,29.8,0.757,11.3,34.1,45.5,22.2,8.1,5.1,15.8,21.7,105.4,26.7,36,46,37,45,-1.4,-0.46,-1.87,106,107.5,-1.5,97.7,0.292,0.289,0.54,0.498,13.5,24.4,0.224,0.498,14.1,73.9,0.271,20,0.43902439,0.512195122,0.365853659,0.571428571,0.388888889,0.261904762,0,0,0.413043478,0.42,0,0,0.5,1.383333333,3.583333333,0,0,0,0,0,0,9,0
2008,New Orleans Hornets,West,38.6,82.9,0.466,7.7,19.8,0.389,30.9,63.1,0.49,16,20.8,0.769,11.4,30.4,41.8,21.8,7.8,3.9,11.9,18.7,100.9,37,80.5,0.46,6.6,18.9,0.351,30.4,61.6,0.494,14.8,19.3,0.771,9.9,30.9,40.8,21.7,5.7,4,13.9,19.2,95.6,27.1,56,26,56,26,5.28,0.18,5.46,111.5,105.7,5.8,89.9,0.251,0.239,0.548,0.512,11.4,27,0.193,0.501,13.5,75.4,0.184,4,0.682926829,0.731707317,0.634146341,0.666666667,0.711538462,0.52173913,0.4375,12.5,0.711111111,0.705882353,1,0,0,0.3125,0.3125,194,1,0.229,0.026,1,0,2,1
2008,Dallas Mavericks,West,36.9,79.5,0.464,6,17.1,0.352,30.9,62.3,0.495,20.6,25.3,0.814,10.8,32.2,43,21,6,4.9,12.6,21.8,100.4,35.4,79.9,0.443,5,14.2,0.349,30.4,65.6,0.463,20.1,26.4,0.76,10.8,29.5,40.3,18.9,6.5,4.4,12.2,21.2,95.9,28.9,51,31,54,28,4.54,0.16,4.7,111.1,106.1,5,90.2,0.318,0.215,0.554,0.502,12.3,26.7,0.259,0.474,11.7,75,0.252,10,0.62195122,0.829268293,0.414634146,0.454545455,0.725,0.47826087,0.0625,6.25,0.688888889,0.607843137,1,0.125,1.375,2.329166667,2.595833333,603,4,2.594,0.128,15,11,7,0
2008,Washington Wizards,East,36.4,81.6,0.446,7,19.7,0.356,29.4,62,0.475,19,24.3,0.782,12.3,29.3,41.6,19.6,7.7,4.8,13.2,19.6,98.8,36.8,79.7,0.461,8.3,21.6,0.386,28.4,58.2,0.489,17.3,22.9,0.754,11,30.2,41.2,23.9,6.5,4.4,14,20.2,99.2,27.2,43,39,40,42,-0.33,-0.28,-0.61,109.2,109.6,-0.4,89.5,0.297,0.241,0.535,0.489,12.5,28.9,0.233,0.513,13.5,72.8,0.217,14,0.524390244,0.609756098,0.43902439,0.357142857,0.577777778,0.384615385,0.125,6.25,0.545454545,0.528301887,1,0,0.375,0.375,0.375,179,1,0.027,0.005,3,0,5,0
2008,Atlanta Hawks,East,36.3,79.9,0.454,4.7,13.1,0.356,31.6,66.8,0.473,21,27.2,0.772,12.3,29.9,42.2,22,7.3,5.5,14.9,20.4,98.2,38,82.1,0.463,6.2,17.2,0.362,31.7,64.9,0.489,17.8,23.7,0.752,11.8,29.1,40.9,22.3,7.5,5.1,13.7,21.9,100,24.2,37,45,36,46,-1.82,-0.41,-2.23,106.9,108.9,-2,91.1,0.34,0.165,0.535,0.483,14,29.7,0.263,0.501,12.9,71.7,0.217,19,0.451219512,0.609756098,0.292682927,0.545454545,0.314285714,0.292682927,0.1875,6.25,0.441860465,0.407407407,1,0,0,0,0.266666667,66,0,0.001,0.005,0,0,8,0
2008,Charlotte Bobcats,East,36.1,79.9,0.452,6.5,17.6,0.367,29.6,62.3,0.476,18.4,25.8,0.714,10.9,29.8,40.6,21.3,7.5,4.9,14.7,21.7,97.1,38,81.5,0.466,6.3,17.8,0.355,31.7,63.8,0.497,19.2,25.6,0.747,12.2,31.6,43.7,21.8,7.6,5.8,14.4,21,101.4,26.3,32,50,29,53,-4.38,-0.11,-4.49,104.6,109.4,-4.8,91.8,0.323,0.22,0.532,0.492,13.9,25.6,0.23,0.505,13.4,71,0.235,23,0.390243902,0.512195122,0.268292683,0.571428571,0.333333333,0.279069767,0,0,0.391304348,0.396226415,0,0,0,0,0,0,0,0,0,0,0,12,0
2008,Milwaukee Bucks,East,36.9,82.3,0.449,5.5,16,0.344,31.4,66.2,0.474,17.7,24.1,0.733,12.9,28.8,41.7,21.5,6.6,4.4,14.8,21.3,97,38.4,80,0.48,7.2,18.7,0.384,31.2,61.4,0.509,20,26.1,0.766,10.6,30,40.7,23.3,7.9,4.9,13.7,21.1,103.9,25.8,26,56,23,59,-6.89,-0.03,-6.92,105.3,112.8,-7.5,91.3,0.294,0.195,0.522,0.482,13.7,30,0.215,0.524,13,73,0.25,24,0.317073171,0.463414634,0.170731707,0.4,0.147058824,0.261904762,0,0,0.382978723,0.288461538,0,0,0.0625,0.25,1.05,0,0,0,0,0,0,13,0
2008,Utah Jazz,West,40,80.4,0.497,5,13.4,0.372,35,67,0.522,21.3,28,0.759,11.5,29.4,40.9,26.4,8.7,4.3,14.6,24,106.2,35.3,76.7,0.461,6.2,17.3,0.357,29.1,59.4,0.491,22.5,30.1,0.749,10.3,27.5,37.8,19.9,7.5,5.1,15.9,23.1,99.3,25.3,54,28,59,23,6.88,-0.01,6.86,113.8,106.5,7.3,93.2,0.349,0.166,0.573,0.528,13.6,29.5,0.265,0.501,15,74.1,0.294,8,0.658536585,0.902439024,0.414634146,0.571428571,0.725490196,0.644444444,0.375,12.5,0.608695652,0.755102041,1,0.5625,0.5625,0.691666667,2.291666667,211,1,0.007,0.357,0,3,6,0
2008,Memphis Grizzlies,West,37.3,82.2,0.454,7.6,21.7,0.349,29.8,60.5,0.492,18.5,25.6,0.723,10.3,31.3,41.6,19.2,6.1,4.7,15.3,19.4,100.7,41.4,86.3,0.48,7.2,19.8,0.364,34.2,66.5,0.514,16.9,21.8,0.774,11.4,33.2,44.5,23.9,8.7,4.9,13.4,22.5,106.9,24.5,22,60,25,57,-6.21,0.45,-5.76,105,111.4,-6.4,95.3,0.311,0.264,0.539,0.5,14,23.8,0.225,0.521,12.2,73.4,0.196,27,0.268292683,0.341463415,0.195121951,0.153846154,0.212765957,0.104166667,0,0,0.282608696,0.269230769,0,0,0,0,0,0,0,0,0,0,0,13,0
2008,Phoenix Suns,West,41.4,82.7,0.5,8.5,21.5,0.393,32.9,61.2,0.538,18.9,24.1,0.783,8.8,32.7,41.5,26.7,6.5,6.3,14.4,19.9,110.1,41.1,90,0.456,5.7,16.2,0.353,35.4,73.8,0.479,17.2,22.9,0.749,13.4,30.5,43.9,19.6,7.3,3.8,13.4,21.1,105,29.3,55,27,54,28,5.05,0.09,5.14,113.3,108.1,5.2,96.7,0.292,0.26,0.59,0.551,13.4,22.4,0.228,0.488,11.8,70.9,0.191,7,0.670731707,0.731707317,0.609756098,0.375,0.775,0.533333333,0.0625,6.25,0.70212766,0.647058824,1,0.375,1.5625,1.6875,2.0875,538,4,7.311,0.253,25,4,5,0
2008,Orlando Magic,East,37.3,78.6,0.474,9.8,25.3,0.386,27.5,53.3,0.516,20.1,27.9,0.721,9.4,32.6,42,20.8,6.3,4.1,14.3,20.6,104.5,37.3,83.6,0.446,6.3,17.6,0.358,31,66,0.469,18.2,24.1,0.754,11,30.7,41.7,21.5,7.1,4.2,13.2,23.1,99,26.7,52,30,56,26,5.46,-0.68,4.79,111.3,105.5,5.8,93.4,0.355,0.322,0.575,0.537,13.6,23.4,0.256,0.484,12.3,74.8,0.217,9,0.634146341,0.609756098,0.658536585,0.5,0.739130435,0.5,0.3125,12.5,0.617021277,0.612244898,1,0,0,0.254166667,0.3875,162,0,0,0.016,1,0,3,1
2008,Toronto Raptors,East,38.4,82,0.468,7,17.8,0.392,31.4,64.2,0.489,16.4,20.2,0.812,9.6,30.4,40.1,23.8,7,4.1,11.7,19.5,100.2,36.7,80.1,0.458,7.5,20.5,0.368,29.1,59.6,0.489,16.4,21.1,0.776,10.1,31.5,41.6,21.9,5.7,4.1,14,18.4,97.3,26.3,41,41,49,33,2.9,-0.44,2.47,110.2,107,3.2,90.2,0.247,0.217,0.551,0.511,11.4,23.4,0.2,0.505,13.5,75,0.205,15,0.5,0.609756098,0.390243902,0.5,0.619047619,0.256410256,0.0625,6.25,0.555555556,0.48,1,0.125,0.125,0.258333333,0.658333333,135,2,0.033,0.002,1,0,6,0
2008,Chicago Bulls,East,36.4,83.7,0.435,5.8,15.9,0.363,30.6,67.8,0.452,18.7,24.7,0.756,12.8,30.2,43,22.1,7.7,5.2,14.6,21.8,97.3,36.4,80.3,0.453,7,18.6,0.375,29.4,61.7,0.476,20.7,27,0.766,11.1,31.5,42.6,21.9,7.9,5.7,15.3,21.3,100.4,25.7,33,49,32,50,-3.09,-0.11,-3.19,103.9,107.2,-3.3,93,0.296,0.19,0.515,0.47,13.4,28.9,0.223,0.496,14.2,73.1,0.258,22,0.402439024,0.487804878,0.317073171,0.571428571,0.395833333,0.261904762,0,0,0.4,0.41509434,0,0.375,0.625,0.625,1.625,0,0,0,0,0,0,11,0
2008,Los Angeles Clippers,West,34.4,78.6,0.438,4.3,13.2,0.324,30.1,65.4,0.46,20.8,26.6,0.781,9.8,30.4,40.1,21.1,6.8,4.9,14.4,21.3,93.8,38,81.3,0.467,5.9,17,0.349,32,64.4,0.498,19.2,25.6,0.751,11.2,32.4,43.6,22.4,7.2,4.7,13.6,21.6,101.1,28.5,23,59,21,61,-7.27,0.71,-6.56,101.2,109.1,-7.9,92.1,0.338,0.167,0.519,0.465,13.7,23.1,0.264,0.503,12.8,73.1,0.236,25,0.280487805,0.317073171,0.243902439,0.285714286,0.222222222,0.102040816,0,0,0.333333333,0.245283019,0,0,0.4375,0.4375,0.4375,0,0,0,0,0,0,12,0
2008,Miami Heat,East,34.2,77.3,0.443,6,16.7,0.358,28.3,60.5,0.467,16.9,23.2,0.727,9.1,28.6,37.6,20,7.2,4.3,14.7,20.4,91.4,36.9,79,0.468,6.7,18.3,0.369,30.2,60.7,0.497,19.4,25.7,0.755,11.2,31.9,43.1,22.2,7.7,4.2,14.2,20.1,100,27.4,15,67,18,64,-8.65,0.11,-8.53,100.5,110,-9.5,90.2,0.3,0.217,0.522,0.482,14.4,22.1,0.218,0.51,13.6,71.9,0.245,30,0.182926829,0.219512195,0.146341463,0.214285714,0.105263158,0.069767442,0,0,0.2,0.137254902,0,0,1.6875,2.0625,2.729166667,0,0,0,0,0,0,15,0
2008,Portland Trail Blazers,West,35.8,79.8,0.448,6.6,17.4,0.377,29.2,62.4,0.468,17.2,22.5,0.767,11,29.7,40.7,21.1,5.5,4.4,12.9,20,95.4,36.4,80.7,0.451,6.5,18.3,0.356,29.9,62.4,0.479,17.1,22.3,0.766,11.7,30.1,41.7,20.9,6,3.7,12.5,20.2,96.3,24.1,41,41,38,44,-0.98,0.45,-0.52,107.3,108.4,-1.1,87.9,0.281,0.218,0.532,0.489,12.6,26.8,0.216,0.491,12.1,71.8,0.212,16,0.5,0.682926829,0.317073171,0.833333333,0.405405405,0.347826087,0,0,0.577777778,0.450980392,0,0,0,0.1875,1.3875,0,0,0,0,0,0,10,0
2008,Detroit Pistons,East,36.6,79.9,0.458,5.9,16.2,0.366,30.6,63.7,0.481,18.4,24,0.767,11.9,29.5,41.4,22.3,7.1,5.8,11.7,20.6,97.5,33.3,76.1,0.437,5,15,0.332,28.3,61,0.463,18.6,25,0.744,10.5,28.6,39.1,19.1,5.8,3.9,13.5,19.7,90.1,28.3,59,23,62,20,7.39,-0.72,6.67,111.4,102.9,8.5,87.3,0.3,0.203,0.539,0.495,11.4,29.4,0.23,0.47,13.4,73.7,0.244,2,0.719512195,0.829268293,0.609756098,0.625,0.787234043,0.657894737,0.625,25,0.717391304,0.68627451,1,0.625,2.1875,3.954166667,4.0875,678,6,0.348,0.323,3,7,2,1
2008,New Jersey Nets,East,34.8,78.7,0.443,6.1,17.4,0.348,28.8,61.2,0.47,20.1,27.3,0.736,11.1,30.7,41.9,23.5,6.4,4.8,15,22.6,95.8,36.4,79.8,0.456,6.5,17.7,0.369,29.9,62.1,0.48,21.6,28.2,0.768,10.9,30.7,41.6,22.1,8.1,4.4,13.4,22.4,100.9,27.4,34,48,27,55,-5.06,-0.09,-5.15,104,109.4,-5.4,91.5,0.347,0.222,0.528,0.481,14.2,26.6,0.255,0.497,12.7,73.8,0.271,21,0.414634146,0.512195122,0.317073171,0.7,0.205128205,0.285714286,0,0,0.422222222,0.384615385,0,0.375,0.6875,2.733333333,2.733333333,0,0,0,0,0,0,10,0
2008,Philadelphia 76ers,East,37.3,81.1,0.46,3.7,11.6,0.317,33.6,69.5,0.483,18.4,26.1,0.706,13,28.9,41.9,20.4,8.7,4.9,14.3,19.8,96.6,36.6,79.3,0.461,6.8,18.9,0.36,29.8,60.4,0.493,16.2,21,0.772,11.3,28,39.2,23.2,6.7,5.1,15.7,20.8,96.2,25.3,40,42,42,40,0.41,-0.23,0.19,106.4,106,0.4,90.4,0.321,0.143,0.522,0.482,13.4,31.8,0.227,0.504,15.1,72,0.205,17,0.487804878,0.536585366,0.43902439,0.333333333,0.473684211,0.348837209,0.125,6.25,0.391304348,0.509803922,1,0,0.0625,0.570833333,1.904166667,84,0,0,0.011,0,0,7,0
2008,Minnesota Timberwolves,West,37.5,83.1,0.451,5.4,15.4,0.35,32.1,67.8,0.474,15.2,20.6,0.736,11.8,29.6,41.4,19.9,7.5,3.7,14.5,23,95.6,37.3,79,0.472,6.6,18.5,0.357,30.7,60.5,0.507,21.2,27.6,0.769,10.6,31,41.7,23.2,7.4,5.7,13.5,17.5,102.4,24.6,22,60,23,59,-6.78,0.52,-6.26,103.8,111.2,-7.4,91.9,0.248,0.185,0.518,0.484,13.6,27.5,0.183,0.513,12.9,73.6,0.269,28,0.268292683,0.365853659,0.170731707,0.333333333,0.186046512,0.142857143,0,0,0.2,0.346153846,0,0,0,0.75,1.083333333,0,0,0,0,0,0,14,0
2008,New York Knicks,East,36.2,82.4,0.439,6,17.7,0.337,30.2,64.7,0.467,18.6,25.5,0.727,12.5,30,42.5,18.7,6.4,2.6,14.5,21.5,96.9,38.8,81.8,0.474,7.2,19.4,0.369,31.7,62.4,0.507,18.7,25.3,0.739,11.3,31.4,42.6,21.6,7.6,5.2,12.8,20.3,103.5,25.7,23,59,23,59,-6.61,0.06,-6.55,104.7,111.9,-7.2,91.6,0.31,0.215,0.518,0.475,13.4,28.6,0.226,0.518,12.1,72.7,0.229,26,0.280487805,0.365853659,0.195121951,0.444444444,0.153846154,0.214285714,0,0,0.311111111,0.283018868,0,0,0,0,1.8,0,0,0,0,0,0,14,0
2008,Seattle SuperSonics,West,38.1,85.8,0.444,3.8,11.5,0.333,34.3,74.3,0.462,17.5,22.8,0.77,11.8,32.8,44.6,21.3,6.5,4.9,16,20.5,97.5,40.1,87,0.461,7.4,19.2,0.385,32.7,67.8,0.482,18.7,25,0.749,11.7,32.4,44.1,24.4,8.6,5.4,13.2,19.6,106.3,25.4,20,62,19,63,-8.76,0.72,-8.04,100.5,109.5,-9,96.3,0.265,0.134,0.509,0.467,14.3,26.8,0.204,0.503,11.9,73.7,0.215,29,0.243902439,0.317073171,0.170731707,0.416666667,0.119047619,0.163265306,0,0,0.239130435,0.215686275,0,0,0.375,0.508333333,0.908333333,0,0,0,0,0,0,15,0
2008,Cleveland Cavaliers,East,35.8,81.7,0.439,6.7,18.8,0.358,29.1,62.8,0.463,18,25.1,0.717,13.3,31.3,44.6,20,7.1,5.2,14,20.9,96.4,35.8,78.8,0.455,6.2,17.3,0.357,29.7,61.5,0.482,18.9,25.2,0.748,9.9,30.5,40.4,21,6.8,4.7,13.3,20.3,96.7,27.1,45,37,40,42,-0.35,-0.17,-0.53,106,106.4,-0.4,90.2,0.308,0.231,0.52,0.48,13.1,30.4,0.221,0.494,12.9,75.9,0.24,13,0.548780488,0.658536585,0.43902439,0.555555556,0.37037037,0.425,0.4375,12.5,0.555555556,0.607843137,1,0.75,1.1875,1.1875,1.254166667,391,2,0.841,3.745,8,6,4,0
2008,San Antonio Spurs,West,35.8,78.3,0.457,7.2,19.6,0.369,28.6,58.7,0.487,16.5,21.6,0.761,9.4,31.9,41.3,21,6.4,4.1,12.6,18.7,95.4,34.8,78.4,0.444,5.1,15,0.342,29.7,63.5,0.468,15.8,20.9,0.756,9.5,30.8,40.3,18.2,6.9,4.4,12.9,19.8,90.6,31.4,56,26,55,27,4.79,0.31,5.1,107.2,101.8,5.4,88.8,0.276,0.251,0.543,0.504,12.6,23.4,0.21,0.477,12.8,77.1,0.201,5,0.682926829,0.829268293,0.536585366,0.571428571,0.738095238,0.52173913,0.5625,25,0.644444444,0.660377358,1,1,2.4375,4.079166667,5.879166667,1028,26,4.193,2.161,10,17,3,1
2007,Detroit Pistons,East,35.9,79.1,0.454,5.5,15.9,0.344,30.4,63.2,0.481,18.8,24.2,0.774,11.6,29,40.5,21.6,7.1,5.8,12.2,20.4,96,34.4,77.3,0.445,5,14.7,0.339,29.4,62.6,0.47,18.1,24.5,0.74,11.9,29.3,41.2,20.1,6.4,3.5,14.7,20.3,91.8,29,53,29,53,29,4.16,-0.47,3.69,108.9,104.2,4.7,87.3,0.307,0.201,0.535,0.488,12,28.3,0.237,0.477,14.3,70.9,0.234,4,0.646341463,0.634146341,0.658536585,0.375,0.774193548,0.552631579,0.625,25,0.590909091,0.660377358,1,0.625,2.5625,3.329166667,3.595833333,786,7,0.932,0.083,7,4,1,1
2007,Denver Nuggets,West,38.6,83,0.465,5.9,17.6,0.336,32.7,65.4,0.5,22.3,29.9,0.746,12.2,31.2,43.4,23.4,8.3,5.3,16.5,21.4,105.4,39.7,86.4,0.46,6.8,19.1,0.353,33,67.3,0.49,17.5,23.7,0.739,12.3,30,42.3,24.5,8.3,5.2,16.4,23.7,103.7,26.5,45,37,45,37,1.62,0.07,1.69,107.6,105.9,1.7,97.4,0.36,0.212,0.548,0.501,14.6,28.9,0.268,0.499,14.5,71.8,0.203,10,0.548780488,0.56097561,0.536585366,0.3,0.575,0.487179487,0.0625,6.25,0.511627907,0.537037037,1,0.0625,0.1875,0.1875,0.1875,206,0,1.569,0.432,8,2,6,0
2007,Utah Jazz,West,37.4,78.9,0.474,4.3,12.9,0.335,33.1,66,0.501,22.3,30,0.743,12.6,30,42.5,24.7,7,4.1,15.6,25.2,101.5,34.4,75.5,0.455,6.2,17.4,0.355,28.2,58.1,0.485,23.7,30.9,0.767,9.9,27.1,37,18.9,7.6,5.3,15,24.5,98.6,25.9,51,31,49,33,2.87,0.2,3.06,110.1,107,3.1,91.6,0.38,0.163,0.551,0.502,14.5,31.7,0.283,0.496,14.4,75.1,0.314,6,0.62195122,0.756097561,0.487804878,0.5,0.702702703,0.6,0.5625,25,0.638297872,0.568627451,1,0,0,0.2625,2.595833333,190,4,0.002,0.346,0,3,5,0
2007,Atlanta Hawks,East,34.5,77.7,0.444,4.2,12.7,0.329,30.4,65,0.467,20.5,26.9,0.761,11.9,28.2,40.1,19.2,7.4,5.4,15.9,24,93.7,36,77.3,0.466,5.7,15.1,0.376,30.3,62.2,0.488,20.7,28.2,0.734,11.6,28.9,40.5,21.1,7.3,5.1,15.2,22.6,98.4,24.1,30,52,27,55,-4.76,-0.1,-4.86,103,108.3,-5.3,90,0.346,0.163,0.523,0.471,15.1,29.2,0.263,0.503,14.5,70.9,0.268,27,0.365853659,0.43902439,0.292682927,0.5,0.268292683,0.261904762,0,0,0.386363636,0.396226415,0,0,0,0,0.533333333,0,0,0,0,0,0,13,0
2007,Indiana Pacers,East,35,80,0.438,5.9,16.9,0.346,29.2,63.1,0.462,19.7,25.9,0.76,12.1,29.8,41.8,20.5,7.3,5.5,16.3,23.3,95.6,35.7,78.2,0.457,5.3,14.3,0.372,30.4,63.9,0.476,21.2,28.2,0.753,11.2,30.5,41.6,20,7.9,5,15.7,23.7,98,27.2,35,47,34,48,-2.44,-0.18,-2.62,102.9,105.5,-2.6,92.4,0.324,0.212,0.523,0.474,15.1,28.4,0.246,0.491,14.8,72.7,0.271,19,0.426829268,0.536585366,0.317073171,0.416666667,0.428571429,0.261904762,0,0,0.533333333,0.36,0,0.125,1.125,1.45,3.583333333,0,0,0,0,0,0,9,0
2007,Minnesota Timberwolves,West,36.5,79.3,0.461,4.7,13.3,0.353,31.9,66,0.483,18.3,23.1,0.792,10,30.2,40.2,22.5,6.5,4,15.6,21.4,96.1,37.5,81.6,0.46,6.3,18.1,0.348,31.2,63.4,0.492,18.4,24.2,0.76,11.7,29.7,41.4,21.7,7.1,4.4,14.2,20.5,99.7,27.7,32,50,30,52,-3.67,0.51,-3.16,103.9,107.9,-4,91,0.291,0.167,0.537,0.49,14.8,25.1,0.231,0.498,13.3,72.1,0.226,24,0.390243902,0.487804878,0.292682927,0.411764706,0.264705882,0.318181818,0,0,0.488888889,0.351851852,0,0,0.625,0.816666667,1.083333333,0,0,0,0,0,0,12,0
2007,San Antonio Spurs,West,36.6,77.2,0.474,7.3,19,0.381,29.3,58.1,0.504,18.1,24.1,0.751,9.3,31.4,40.7,22.1,7.2,5.1,13.9,19.4,98.5,34.9,78.8,0.443,4.5,13.4,0.334,30.4,65.4,0.465,15.9,21.4,0.74,10.1,29,39.1,17.3,7.1,4.1,14.3,21.2,90.1,30.4,58,24,64,18,8.43,-0.08,8.35,109.2,99.9,9.3,89.8,0.313,0.247,0.561,0.521,13.6,24.2,0.235,0.471,14,75.7,0.201,3,0.707317073,0.756097561,0.658536585,0.375,0.833333333,0.58974359,1,100,0.680851064,0.68627451,1,0.4375,1.8125,3.545833333,4.879166667,774,17,3.97,1.601,9,15,3,1
2007,Washington Wizards,East,37.4,83.2,0.45,6.8,19.7,0.348,30.6,63.5,0.482,22.6,29.6,0.765,12.2,29,41.2,20.2,7.7,4.6,13.8,22.2,104.3,38.6,81.7,0.473,7.3,19.3,0.377,31.3,62.4,0.502,20.3,26.2,0.777,11.9,31.1,43,23.7,6.3,4.6,15.7,23.5,104.9,26.8,41,41,40,42,-0.51,-0.28,-0.8,110.1,110.6,-0.5,94.1,0.356,0.237,0.542,0.491,12.6,28.1,0.272,0.517,14.4,71,0.249,15,0.5,0.634146341,0.365853659,0.631578947,0.542857143,0.307692308,0,6.25,0.6,0.461538462,1,0.125,0.375,0.375,0.375,156,1,0,0,0,0,7,0
2007,Sacramento Kings,West,35.9,79.7,0.45,6.5,18.5,0.35,29.4,61.2,0.48,23.1,30.2,0.765,9.7,29.2,38.9,20.3,8.2,3.2,14.6,21.9,101.3,38.4,81.4,0.472,6.8,18.6,0.365,31.6,62.8,0.503,19.5,25.8,0.757,11.1,32.3,43.4,22.4,7,4.9,16.3,24.3,103.1,27.3,33,49,36,46,-1.8,0.46,-1.35,106.2,108,-1.8,94.8,0.379,0.232,0.545,0.491,13.5,23.1,0.289,0.513,14.9,72.5,0.24,23,0.402439024,0.487804878,0.317073171,0.454545455,0.424242424,0.272727273,0,0,0.409090909,0.37037037,0,0.125,0.625,1.929166667,2.195833333,0,0,0,0,0,0,11,0
2007,Milwaukee Bucks,East,38.1,81.9,0.465,6.4,18,0.356,31.7,63.9,0.495,17.1,23.4,0.733,11.5,27.7,39.2,21.6,7.2,2.7,15.1,22.2,99.7,39,81.4,0.48,6.9,18.7,0.368,32.1,62.6,0.513,19.1,25.7,0.742,13,30.1,43,25.3,7.5,5.3,15.7,21,104,26,28,54,29,53,-4.38,-0.06,-4.43,107,111.7,-4.7,92.3,0.286,0.219,0.541,0.504,14.1,27.6,0.209,0.522,14.5,68.1,0.234,28,0.341463415,0.43902439,0.243902439,0.333333333,0.263157895,0.261904762,0,0,0.391304348,0.235294118,0,0.0625,0.125,0.916666667,1.05,0,0,0,0,0,0,14,0
2007,New Jersey Nets,East,35.5,77.8,0.457,7.4,20.4,0.363,28.1,57.4,0.49,19.1,26.3,0.727,10,30.8,40.8,23.9,6.1,3.3,14.8,22.8,97.6,35.5,79,0.45,6.3,17.7,0.357,29.2,61.2,0.476,21,27.6,0.762,10.6,30.8,41.4,22,7.1,4.5,14.5,23,98.3,28.2,41,41,39,43,-0.77,-0.23,-1,105.7,106.6,-0.9,91.4,0.338,0.263,0.546,0.504,14.2,24.6,0.245,0.49,13.7,74.4,0.266,14,0.5,0.585365854,0.414634146,0.428571429,0.5,0.384615385,0.375,12.5,0.47826087,0.549019608,1,0.3125,0.75,2.358333333,2.358333333,418,0,0.985,0.04,8,9,6,0
2007,Cleveland Cavaliers,East,36.3,81.2,0.447,6,17.1,0.352,30.3,64.1,0.473,18.1,26,0.696,12.7,30.8,43.5,20.8,7.6,4.3,14.4,21.7,96.8,34.6,77.3,0.448,4.9,15,0.329,29.7,62.3,0.476,18.8,25.6,0.734,9.8,30,39.9,20.1,6.6,4.3,15.3,22,92.9,26.9,50,32,52,30,3.83,-0.5,3.33,105.5,101.3,4.2,90.8,0.32,0.211,0.522,0.484,13.4,29.7,0.223,0.48,14.7,75.8,0.243,7,0.609756098,0.731707317,0.487804878,0.5625,0.694444444,0.5,0.75,50,0.577777778,0.622641509,1,0.4375,0.4375,0.4375,0.504166667,304,0,0.632,0.095,2,2,2,1
2007,Charlotte Bobcats,East,36.1,81,0.446,5.6,15.6,0.357,30.5,65.4,0.467,19.1,26,0.734,11.2,28.6,39.8,22.4,7.8,4.5,14.9,24.2,96.9,36.6,78.7,0.465,5.5,15.2,0.363,31.1,63.5,0.489,22,29.3,0.75,11.3,31.2,42.6,20.9,7.4,5.3,15.8,21.8,100.6,25.5,33,49,30,52,-3.74,-0.22,-3.97,103.6,107.6,-4,92,0.322,0.193,0.524,0.48,13.9,26.4,0.236,0.5,14.7,71.6,0.279,21,0.402439024,0.487804878,0.317073171,0.333333333,0.394736842,0.390243902,0,0,0.377777778,0.461538462,0,0,0,0,0,0,0,0,0,0,0,11,0
2007,Portland Trail Blazers,West,35,78,0.45,5.2,15,0.346,29.9,62.9,0.474,18.8,24.5,0.769,11.3,28,39.3,18.5,6.8,4.6,15.1,23.5,94.1,36.1,76.7,0.471,5.7,15.8,0.361,30.4,61,0.499,20.5,26.3,0.778,10.4,28.6,39,20.8,6.6,4.6,13.7,21.3,98.4,24.4,32,50,29,53,-4.29,0.51,-3.78,105.1,109.9,-4.8,88.3,0.314,0.193,0.53,0.483,14.5,28.2,0.241,0.508,13.5,73,0.267,25,0.390243902,0.43902439,0.341463415,0.611111111,0.236842105,0.348837209,0,0,0.425531915,0.37254902,0,0,0,0.1875,1.454166667,0,0,0,0,0,0,13,0
2007,Los Angeles Lakers,West,37.8,81.3,0.466,7.4,21,0.353,30.4,60.2,0.505,20.2,27.1,0.747,10.8,30.4,41.2,22.6,7.3,5.1,15.5,23,103.3,37.8,81.9,0.461,6.4,17.8,0.358,31.4,64.1,0.49,21.5,28.3,0.76,11.6,30.6,42.2,21.9,7.9,5,14.7,23.4,103.4,25.3,42,40,41,41,-0.07,0.32,0.24,108.6,108.6,0,93.5,0.333,0.259,0.554,0.511,14.3,26.1,0.249,0.5,13.5,72.3,0.262,13,0.512195122,0.609756098,0.414634146,0.555555556,0.529411765,0.475,0.0625,6.25,0.608695652,0.431372549,1,0.1875,1,3.375,5.308333333,248,3,1.064,0.078,8,6,8,0
2007,Miami Heat,East,35.6,76.7,0.464,6.4,18.8,0.343,29.2,57.9,0.503,17,24.6,0.69,10,30.8,40.8,20.5,6.9,5.4,14.6,21.3,94.6,35.3,79.5,0.444,6.5,18.2,0.355,28.8,61.2,0.471,18.5,24.9,0.742,11.2,30.1,41.3,20.2,6.9,3.8,14.5,21.8,95.5,29.3,44,38,38,44,-0.91,-0.29,-1.21,104.3,105.3,-1,89.9,0.321,0.245,0.541,0.506,14.3,24.9,0.222,0.485,13.8,73.3,0.232,11,0.536585366,0.658536585,0.414634146,0.684210526,0.421052632,0.5,0,6.25,0.444444444,0.596153846,1,1,2.0625,2.0625,3.2625,782,13,6.278,2.92,27,17,5,0
2007,Orlando Magic,East,35.1,74.3,0.472,4.2,11.7,0.356,30.9,62.5,0.494,20.5,29.2,0.702,11.2,29.5,40.7,18.6,6.9,5.1,17,23.2,94.8,33.4,75.5,0.442,5.6,15.9,0.353,27.8,59.6,0.466,21.6,28.4,0.76,10.5,27,37.6,19.6,8.3,4.6,15,23.4,94,25.6,40,42,43,39,0.78,-0.43,0.35,104.9,104.1,0.8,89.9,0.393,0.158,0.544,0.5,16.3,29.3,0.276,0.48,14.6,73.7,0.286,16,0.487804878,0.609756098,0.365853659,0.588235294,0.512820513,0.404761905,0,6.25,0.52173913,0.44,1,0,0,0.320833333,0.520833333,139,1,0.529,0.002,5,0,8,0
2007,Philadelphia 76ers,East,35.8,78.1,0.458,3.5,10,0.345,32.3,68.1,0.474,20,26,0.767,11,28.7,39.7,20.4,7.2,4.8,15.3,20.4,94.9,37.1,80.1,0.463,6.1,17.4,0.353,30.9,62.8,0.493,17.7,23.5,0.754,11.8,29.3,41.1,22.3,7.4,3.9,15.6,22,98,26.2,35,47,32,50,-3.02,-0.23,-3.26,103.6,106.9,-3.3,90.7,0.333,0.128,0.53,0.48,14.6,27.2,0.255,0.501,14.7,70.8,0.221,20,0.426829268,0.512195122,0.341463415,0.529411765,0.324324324,0.30952381,0,0,0.319148936,0.519230769,0,0,0.0625,1.370833333,1.904166667,0,0,0,0,0,0,10,0
2007,New Orleans/Oklahoma City Hornets,West,36.2,81.4,0.445,5.5,15.3,0.362,30.7,66.1,0.464,17.5,23.7,0.74,12.5,30.6,43.1,18.7,6.4,4.2,14.5,19.8,95.5,36.6,80.2,0.457,6.8,19.2,0.355,29.8,61,0.489,17,22.4,0.759,10.4,30.4,40.8,20.8,6.8,4.8,13.6,21.1,97.1,26.4,39,43,36,46,-1.57,0.38,-1.19,104.8,106.5,-1.7,90.2,0.291,0.188,0.52,0.479,13.6,29.1,0.215,0.499,13.2,74.7,0.212,18,0.475609756,0.585365854,0.365853659,0.5625,0.4,0.325581395,0,0,0.422222222,0.519230769,0,0,0,0,0,0,0,0,0,0,0,10,0
2007,Houston Rockets,West,35.4,79.6,0.445,8.6,23.1,0.372,26.8,56.5,0.475,17.5,23.2,0.753,10.7,32.6,43.3,20.8,7.1,4.1,14.2,20.9,97,34.1,79.3,0.429,5.8,16.4,0.351,28.3,62.9,0.45,18.3,24.4,0.749,9.8,31.1,40.8,19.4,7,4.3,14.2,19.9,92.1,28.2,52,30,55,27,4.85,0.19,5.04,106,100.7,5.3,90.7,0.292,0.29,0.54,0.499,13.6,25.7,0.22,0.466,13.6,77,0.23,5,0.634146341,0.682926829,0.585365854,0.5,0.657894737,0.525,0.1875,6.25,0.644444444,0.647058824,1,0,0.25,0.25,1.05,179,0,0.76,2.153,11,6,4,0
2007,Phoenix Suns,West,41.3,83.6,0.494,9.6,24,0.399,31.7,59.6,0.532,18,22.3,0.808,9,31.5,40.5,25.9,6.7,4.8,14.5,20.2,110.2,39.5,86.4,0.457,6.1,16.9,0.363,33.3,69.5,0.48,17.8,23.2,0.767,12.3,30.5,42.8,18.9,6.9,3.7,15.1,21.5,102.9,27.6,61,21,59,23,7.3,-0.03,7.28,113.9,106.4,7.5,95.6,0.267,0.287,0.59,0.551,13.4,22.7,0.215,0.492,13.6,71.9,0.206,2,0.743902439,0.804878049,0.682926829,0.555555556,0.888888889,0.65,0.375,12.5,0.8,0.754716981,1,0.625,1.1875,1.379166667,1.845833333,440,0,1.618,0.159,7,0,2,1
2007,Golden State Warriors,West,39.8,86,0.463,8.5,24,0.356,31.2,62,0.504,18.5,25.8,0.717,11.5,30,41.4,23.8,9.1,5.7,16,23.6,106.5,38.7,83.8,0.462,7.4,20.3,0.366,31.2,63.5,0.492,22.1,29.5,0.75,13.1,33.3,46.4,24.7,8.3,4.9,18.6,22.3,106.9,24.6,42,40,40,42,-0.34,0.34,0,107,107.4,-0.4,99.2,0.3,0.279,0.548,0.512,14.1,25.6,0.215,0.506,16.1,69.6,0.264,12,0.512195122,0.731707317,0.292682927,0.5,0.553191489,0.4,0.3125,12.5,0.456521739,0.52,1,0,0,0,0,115,1,0.003,0.005,1,0,7,0
2007,Dallas Mavericks,West,36.7,78.6,0.467,6.5,17.1,0.381,30.2,61.4,0.491,20.1,24.9,0.805,11.2,30.7,41.9,19.9,6.8,5,13.9,22.4,100,34,76.1,0.447,4.6,13.1,0.349,29.5,63,0.467,20.2,27,0.746,10.2,27.9,38.1,17.9,6.9,3.8,14.5,22.1,92.8,28.1,67,15,61,21,7.22,0.06,7.28,111.3,103.2,8.1,89.5,0.317,0.218,0.559,0.509,13.4,28.7,0.256,0.477,14.2,75,0.265,1,0.817073171,0.87804878,0.756097561,0.8,0.8,0.65,0.125,6.25,0.808510638,0.843137255,1,0.875,1.3125,2.470833333,2.470833333,463,3,0.778,0.003,6,0,1,1
2007,Memphis Grizzlies,West,36.6,78.6,0.465,6.1,16.6,0.367,30.5,62,0.491,22.4,29.4,0.761,10.6,29,39.5,20.5,6.9,5,16.4,22.3,101.6,40.1,82.5,0.486,7,18,0.389,33.1,64.4,0.513,19.5,25.8,0.759,11.8,30.3,42,25.1,8.3,5.5,15.3,24.3,106.7,26.2,22,60,27,55,-5.15,0.71,-4.44,106.9,112.3,-5.4,93.6,0.374,0.211,0.555,0.504,15.2,25.9,0.285,0.529,14,71.1,0.237,30,0.268292683,0.341463415,0.195121951,0.294117647,0.235294118,0.217391304,0,0,0.255319149,0.3,0,0,0,0,0,0,0,0,0,0,0,15,0
2007,Toronto Raptors,East,37,79.8,0.463,6.5,17.9,0.363,30.5,62,0.492,19,24.2,0.788,9.2,30.2,39.5,22.2,7.1,3.9,13.5,20.4,99.5,37.2,80.4,0.463,6.5,18.2,0.357,30.7,62.2,0.494,17.6,23.3,0.754,10.3,32.2,42.5,21.2,6,3.9,15.1,21.8,98.5,26,47,35,44,38,0.99,-0.38,0.61,107,106,1,92.6,0.303,0.224,0.55,0.504,13,22.2,0.239,0.503,14.3,74.5,0.219,9,0.573170732,0.731707317,0.414634146,0.647058824,0.56097561,0.368421053,0.125,6.25,0.5,0.666666667,1,0,0,0.533333333,0.533333333,105,1,0,0,0,0,4,0
2007,New York Knicks,East,35.4,77.5,0.457,5.8,16.7,0.346,29.6,60.8,0.487,20.9,29.2,0.715,12.6,30.7,43.3,18.7,6.6,3.2,17.1,23.6,97.5,36.8,80.1,0.46,7,18.6,0.376,29.9,61.5,0.485,19.7,26,0.756,10.8,28,38.8,21.3,7.5,5,13.7,22.9,100.3,25.4,33,49,33,49,-2.85,-0.21,-3.06,105.7,108.8,-3.1,90.8,0.377,0.216,0.539,0.494,15.9,31,0.27,0.504,13,74,0.246,22,0.402439024,0.463414634,0.341463415,0.5,0.303030303,0.348837209,0,0,0.416666667,0.408163265,0,0,0,0.133333333,2.2,0,0,0,0,0,0,12,0
2007,Boston Celtics,East,34.9,78.7,0.443,5.7,15.6,0.367,29.1,63.1,0.462,20.4,26.6,0.767,11.2,29.2,40.4,19.9,7.2,4.7,16.5,24,95.8,36.2,77.3,0.468,5.2,14.8,0.354,30.9,62.5,0.495,21.7,29,0.747,10.3,30.2,40.5,22.1,7.4,5.5,15.2,21.4,99.2,23.5,24,58,31,51,-3.41,-0.29,-3.7,103.2,106.9,-3.7,92,0.337,0.199,0.53,0.479,15.4,27,0.259,0.502,14.5,73.8,0.28,29,0.292682927,0.292682927,0.292682927,0.25,0.259259259,0.2,0,0,0.266666667,0.264150943,0,0,0.1875,1.0375,1.0375,0,0,0,0,0,0,15,0
2007,Los Angeles Clippers,West,35.1,77,0.456,3.8,11,0.348,31.3,66,0.474,21.6,27.4,0.788,10.8,30.3,41.1,21.5,7.3,5.8,15.1,22.7,95.6,35.5,78.5,0.452,5.5,16.4,0.339,30,62.1,0.482,19.5,26.1,0.748,10.3,29,39.3,21,7.1,3.9,13.8,22.3,96.1,27.5,40,42,40,42,-0.46,0.39,-0.07,105.1,105.6,-0.5,90.8,0.355,0.143,0.537,0.481,14.5,27.2,0.28,0.488,13.3,74.7,0.249,17,0.487804878,0.609756098,0.365853659,0.454545455,0.444444444,0.363636364,0,0,0.511111111,0.5,0,0.4375,0.4375,0.4375,0.4375,0,0,0,0,0,0,9,0
2007,Seattle SuperSonics,West,37.2,80.8,0.46,6.4,17.7,0.362,30.8,63.1,0.487,18.4,23.3,0.791,11.3,28.3,39.6,20.7,7.7,3.7,15.5,22,99.1,38.1,80.1,0.476,6.3,17.5,0.361,31.8,62.6,0.508,19.5,25.9,0.751,11.6,29.4,41,22.8,7.2,4.2,15,19.9,102,25.9,31,51,33,49,-2.89,0.45,-2.45,107.2,110.3,-3.1,91.8,0.288,0.219,0.544,0.499,14.5,27.8,0.228,0.515,14.1,70.9,0.243,26,0.37804878,0.487804878,0.268292683,0.5,0.378378378,0.227272727,0,0,0.369565217,0.36,0,0,0.375,0.508333333,1.308333333,0,0,0,0,0,0,14,0
2007,Chicago Bulls,East,37.1,81.3,0.457,5.9,15.1,0.388,31.3,66.2,0.473,18.6,25.4,0.734,12,31.7,43.7,22.3,7.8,5.4,16,23.3,98.8,34.1,78.2,0.435,5.9,16.9,0.349,28.2,61.3,0.459,19.7,27.1,0.73,10.9,30,40.9,20.4,7.5,5.3,17.4,23.2,93.8,26,49,33,55,27,5.01,-0.49,4.52,104.9,99.6,5.3,93.6,0.313,0.186,0.534,0.493,14.7,28.6,0.229,0.473,16.2,74.3,0.252,8,0.597560976,0.756097561,0.43902439,0.5,0.651162791,0.5,0.375,12.5,0.565217391,0.588235294,1,0.125,0.25,0.25,2.25,288,1,0.068,3.696,5,8,3,1
2006,Miami Heat,East,37.1,77.5,0.478,6.1,17.6,0.345,31,59.9,0.517,19.7,28.2,0.7,10.5,32.6,43.1,20.6,6.4,5.4,14.5,22.8,99.9,35,79.6,0.44,6,16.6,0.361,29,63,0.461,20,27.1,0.739,10.1,28.8,38.8,19.5,6.8,3.6,13,23.6,96,29.2,52,30,52,30,3.87,-0.27,3.59,108.7,104.5,4.2,91.6,0.363,0.227,0.556,0.517,13.9,26.7,0.254,0.477,12.4,76.4,0.251,5,0.634146341,0.756097561,0.512195122,0.666666667,0.710526316,0.475,1,100,0.608695652,0.666666667,1,0.6875,1.0625,1.4625,2.2625,595,3,6.208,2.77,24,14,2,1
2006,Houston Rockets,West,33,76.2,0.433,5.7,17.2,0.332,27.3,59,0.463,18.3,24.1,0.759,10.4,31.3,41.6,19.3,7.2,3.9,14.5,22.7,90.1,33,77,0.429,6.6,17.9,0.369,26.4,59.1,0.447,19,26,0.731,10.7,30.2,40.9,20.1,7.1,4.5,13.3,20.9,91.7,28.8,34,48,36,46,-1.59,0.28,-1.3,101.6,103.3,-1.7,88,0.317,0.226,0.519,0.471,14.3,25.5,0.24,0.472,13.1,74.6,0.247,23,0.414634146,0.365853659,0.463414634,0.4375,0.40625,0.29787234,0,0,0.340909091,0.444444444,0,0.1875,0.25,0.25,1.25,0,0,0,0,0,0,13,0
2006,Charlotte Bobcats,East,36.1,83.5,0.433,5.2,15.4,0.339,30.9,68.1,0.454,19.4,26.7,0.729,12.1,27.7,39.8,20.9,10,4.3,14.2,23.9,96.9,37.4,78.2,0.478,5.6,15.7,0.356,31.8,62.5,0.509,20.5,27.8,0.737,11.5,32.5,44,22.9,7,5.4,17.9,23.5,100.9,25.2,26,56,30,52,-4,0.1,-3.9,102.5,106.7,-4.2,93.4,0.319,0.184,0.509,0.464,13,27.1,0.233,0.514,16.5,70.7,0.263,28,0.317073171,0.414634146,0.219512195,0.416666667,0.277777778,0.2,0,0,0.239130435,0.307692308,0,0,0,0,0,0,0,0,0,0,0,14,0
2006,Los Angeles Clippers,West,36.5,78.6,0.465,3.5,10.3,0.344,33,68.3,0.483,20.7,26.1,0.791,10.1,33,43.1,20.8,6.5,6.1,14.5,22.8,97.2,35.2,81,0.435,5.8,16.7,0.347,29.4,64.3,0.458,19.4,26.5,0.732,10.5,29.7,40.1,21.5,7,4.3,12.8,21.7,95.6,26.8,47,35,46,36,1.57,0.18,1.75,105.3,103.6,1.7,91.7,0.332,0.131,0.54,0.487,13.8,25.4,0.263,0.471,12.2,75.9,0.24,9,0.573170732,0.658536585,0.487804878,0.545454545,0.558139535,0.409090909,0.4375,12.5,0.595238095,0.574074074,1,0,0,0,0,175,2,0.004,0,1,0,5,0
2006,Cleveland Cavaliers,East,35.5,78.2,0.454,6.1,17.9,0.339,29.4,60.3,0.487,20.6,28.3,0.729,11.7,30.6,42.3,19,6.9,4.8,13.9,21.1,97.6,36,79,0.455,5.6,15.7,0.356,30.4,63.3,0.48,17.8,24,0.742,9.8,29.5,39.4,20.3,6.6,4.4,13.2,22.5,95.4,27.1,50,32,48,34,2.23,-0.06,2.17,107.8,105.4,2.4,89.8,0.362,0.228,0.538,0.492,13.3,28.4,0.263,0.49,12.8,75.7,0.226,6,0.609756098,0.756097561,0.463414634,0.692307692,0.64516129,0.547619048,0.4375,12.5,0.604651163,0.592592593,1,0,0,0,0.066666667,177,0,0.082,0.095,1,2,3,1
2006,Golden State Warriors,West,35.8,82.7,0.433,7.6,22.3,0.341,28.2,60.4,0.467,19.2,26.7,0.718,12,30.3,42.3,20.7,7.4,4.4,14.1,23.7,98.5,37.2,81.4,0.457,5.7,16.3,0.351,31.4,65.1,0.483,19.8,26.7,0.743,12,32.5,44.5,22.3,7,5,15.3,23.4,99.8,25.6,34,48,37,45,-1.35,0.25,-1.11,104.8,106.2,-1.4,93.3,0.323,0.27,0.521,0.479,13,26.9,0.232,0.492,14.1,71.6,0.243,22,0.414634146,0.512195122,0.317073171,0.333333333,0.352941176,0.291666667,0,0,0.465116279,0.333333333,0,0,0,0,0,0,0,0,0,0,0,12,0
2006,Sacramento Kings,West,36,79.3,0.454,6,17.2,0.351,30,62.1,0.483,20.8,26.5,0.784,10.4,30.2,40.5,22.3,7.4,3.6,14.6,20.4,98.9,37.2,82,0.454,5.6,16,0.351,31.6,66,0.479,17.2,23.1,0.747,11.6,30.5,42.1,21.1,8,4.9,14.6,23,97.3,27.2,44,38,45,37,1.54,0.07,1.61,106.7,105,1.7,91.9,0.334,0.217,0.544,0.492,13.9,25.4,0.262,0.488,13.7,72.2,0.21,12,0.536585366,0.658536585,0.414634146,0.545454545,0.5,0.522727273,0.125,6.25,0.422222222,0.603773585,1,0.0625,0.9375,1.9375,2.1375,229,1,0.001,0.996,1,2,8,0
2006,Los Angeles Lakers,West,36.5,80.6,0.453,6.7,19.3,0.349,29.8,61.3,0.486,19.7,26.5,0.745,11.8,30.3,42.2,21.1,7.7,4.3,13.9,23.1,99.4,35.9,79.8,0.45,5.8,16.4,0.353,30.1,63.5,0.475,19.3,25.9,0.747,10.9,29.3,40.1,21.1,6.5,4.3,14.1,23.5,96.9,25.1,45,37,48,34,2.5,0.03,2.53,108.4,105.7,2.7,90.9,0.329,0.24,0.539,0.495,13.1,28.8,0.245,0.486,13.4,73.6,0.242,10,0.548780488,0.658536585,0.43902439,0.4375,0.625,0.431818182,0.1875,6.25,0.545454545,0.566037736,1,0,1.1875,4.1875,5.1875,352,6,0.678,0.078,7,5,6,0
2006,Washington Wizards,East,36.3,81.2,0.447,6.1,17,0.357,30.2,64.2,0.471,23,30.4,0.757,12.6,28.6,41.2,18.6,8,4.1,13.9,22.6,101.7,36.8,79,0.465,6.1,16.8,0.363,30.6,62.2,0.493,20.2,27.1,0.745,11.8,30.2,42,21.5,6.5,4.2,16.2,25.3,99.8,26.5,42,40,46,36,1.85,-0.29,1.57,109.3,107.3,2,92.3,0.375,0.209,0.538,0.484,12.8,29.5,0.284,0.504,15.1,70.9,0.256,13,0.512195122,0.658536585,0.365853659,0.384615385,0.6,0.425,0.125,6.25,0.488372093,0.555555556,1,0.25,0.25,0.25,0.25,136,1,0.003,0,1,0,5,0
2006,New York Knicks,East,34.4,75.7,0.455,3.9,10.8,0.362,30.5,64.9,0.47,22.9,31.5,0.726,12.6,28.8,41.4,17.9,6.8,3.3,17.7,26.3,95.6,36.2,77.5,0.467,6.9,18.2,0.378,29.3,59.3,0.494,22.8,30.2,0.753,10.8,27.8,38.6,21.3,8.2,5.3,14.1,25.4,102,25.6,23,59,24,58,-6.4,0.11,-6.3,104,111,-7,90.8,0.417,0.142,0.534,0.481,16.5,31.2,0.303,0.511,13.4,72.8,0.294,29,0.280487805,0.365853659,0.195121951,0.571428571,0.179487179,0.302325581,0,0,0.318181818,0.296296296,0,0,0,0.733333333,2.466666667,0,0,0,0,0,0,15,0
2006,Toronto Raptors,East,36.7,81,0.454,7.4,19.8,0.375,29.3,61.2,0.479,20.2,25.5,0.791,10.5,27.9,38.5,19.4,6.5,3.3,13.1,24,101.1,38.6,78.6,0.491,6.2,16.6,0.373,32.4,62,0.522,20.7,27.6,0.748,10.2,31,41.1,23.6,6.3,4.4,14.2,22.4,104,25.9,27,55,33,49,-2.99,-0.04,-3.03,109.5,112.7,-3.2,91.1,0.315,0.244,0.548,0.5,12.4,25.4,0.249,0.53,13.5,73.3,0.263,26,0.329268293,0.365853659,0.292682927,0.3125,0.375,0.159090909,0,0,0.333333333,0.365384615,0,0,0,0.533333333,0.533333333,0,0,0,0,0,0,12,0
2006,Indiana Pacers,East,34,76.5,0.444,6.5,18.7,0.349,27.4,57.8,0.475,19.4,26.3,0.737,11,31.2,42.2,19.9,7.3,5,15.3,22.2,93.9,34.5,79.3,0.435,4.5,13.2,0.343,30,66.1,0.454,18.4,25.1,0.733,11.8,29.5,41.3,18.5,8.1,4.9,13.6,22,92,27.3,41,41,47,35,1.89,-0.27,1.62,104.5,102.4,2.1,89.7,0.344,0.245,0.533,0.487,14.8,27.1,0.254,0.464,13,72.6,0.232,15,0.5,0.658536585,0.341463415,0.285714286,0.65,0.45,0.125,6.25,0.488372093,0.472727273,1,0.375,1.125,2.191666667,3.591666667,458,1,0.654,0,4,0,7,0
2006,Orlando Magic,East,35.5,75.2,0.472,3.6,9.7,0.376,31.9,65.5,0.486,20.3,27.8,0.73,10.9,29.3,40.2,18.2,6.5,4.4,15.1,23.3,94.9,35,77.2,0.454,5.6,15.7,0.357,29.4,61.5,0.478,20.4,27.9,0.732,11.1,27.3,38.4,20,7.5,4.7,13.4,23.2,96,25.5,36,46,38,44,-1.07,-0.18,-1.26,106.3,107.5,-1.2,88.3,0.369,0.129,0.543,0.496,14.7,28.5,0.27,0.49,13,72.5,0.264,20,0.43902439,0.634146341,0.243902439,0.4,0.441176471,0.302325581,0,0,0.428571429,0.436363636,0,0,0.1875,0.320833333,0.9875,0,0,0,0,0,0,10,0
2006,Atlanta Hawks,East,35.9,79.2,0.454,5.2,14.1,0.367,30.8,65.1,0.472,20.2,26.9,0.75,13,27.2,40.3,19.8,7.2,4.8,15.7,25,97.2,37.5,78.5,0.478,5.4,14.7,0.368,32.1,63.8,0.503,21.6,28.9,0.745,12,28.5,40.4,20.6,7.3,5.1,15,22.6,102,22.7,26,56,28,54,-4.76,0.07,-4.69,106.4,111.6,-5.2,90.4,0.34,0.178,0.534,0.486,14.7,31.4,0.255,0.513,14.1,69.5,0.275,27,0.317073171,0.43902439,0.195121951,0.5,0.24137931,0.272727273,0,0,0.279069767,0.351851852,0,0,0,0,0.8,0,0,0,0,0,0,13,0
2006,Chicago Bulls,East,36.6,82.2,0.446,6.8,18,0.379,29.8,64.1,0.465,17.7,24,0.738,11,31.7,42.8,22,6.2,4.2,14.9,24.9,97.8,33.8,79.5,0.426,6.1,17.4,0.351,27.7,62,0.447,23.4,30.1,0.777,10.7,31,41.7,20.1,7.5,5.1,15,23,97.2,24.1,41,41,43,39,0.63,-0.12,0.51,104,103.4,0.6,92.9,0.292,0.219,0.527,0.487,13.9,26.3,0.216,0.464,13.9,74.7,0.295,14,0.5,0.512195122,0.487804878,0.375,0.466666667,0.35,0.125,6.25,0.454545455,0.547169811,1,0.125,0.125,0.125,3.125,94,0,0,0.015,0,0,6,0
2006,Milwaukee Bucks,East,36.3,80.1,0.453,6.2,16.3,0.38,30.1,63.8,0.472,19,25.8,0.738,11.3,29.9,41.2,21.6,7.3,3.3,14.6,23.2,97.8,36.2,77.8,0.466,6,16.9,0.354,30.3,61,0.497,20.4,27.3,0.747,10.1,30.2,40.3,22.5,7.4,5,14.4,23.6,98.8,25.5,40,42,38,44,-1.04,-0.04,-1.07,106.3,107.4,-1.1,91.2,0.322,0.203,0.535,0.492,13.8,27.3,0.238,0.504,13.8,74.6,0.262,17,0.487804878,0.609756098,0.365853659,0.647058824,0.454545455,0.333333333,0.0625,6.25,0.522727273,0.436363636,1,0,0.1875,0.9875,0.9875,242,3,0.001,0,1,0,8,0
2006,Boston Celtics,East,36,77.1,0.467,5.7,15.7,0.362,30.3,61.4,0.494,20.3,26.9,0.755,9.9,29.7,39.6,20.9,7,5.1,16.6,24.8,98,35.9,78.8,0.456,5.4,15.4,0.353,30.5,63.4,0.481,22.3,30,0.743,11.1,28.9,40,21.5,8.4,4.9,14.8,22.4,99.5,25.3,33,49,37,45,-1.54,-0.05,-1.59,105.2,106.9,-1.7,92.2,0.349,0.204,0.551,0.504,15.7,25.5,0.263,0.49,13.8,72.8,0.282,24,0.402439024,0.512195122,0.292682927,0.473684211,0.46875,0.288888889,0,0,0.4,0.396226415,0,0.1875,0.4375,1.0375,1.0375,0,0,0,0,0,0,11,0
2006,Dallas Mavericks,West,36,77.7,0.462,5.1,13.6,0.374,30.9,64.2,0.481,22.2,28.3,0.783,12.6,29.6,42.2,18,7.2,6,13.6,22.4,99.1,34.2,77.1,0.443,4.9,13.7,0.361,29.2,63.4,0.461,19.8,26.4,0.752,11.4,26.9,38.3,17.5,6.5,4.9,14,23.9,93.1,27.5,60,22,58,24,6.07,-0.11,5.96,111.8,105,6.8,87.8,0.364,0.175,0.55,0.495,13.1,31.8,0.285,0.475,13.7,72.2,0.257,3,0.731707317,0.829268293,0.634146341,0.647058824,0.736842105,0.681818182,0.875,50,0.777777778,0.730769231,1,0.375,1.0625,1.595833333,1.595833333,260,0,0.346,0.003,5,0,2,1
2006,Seattle SuperSonics,West,37.5,81.8,0.459,7.4,19.9,0.371,30.1,62,0.487,20.1,25.7,0.785,12.4,27.2,39.6,20.7,7.6,3.7,14.7,23.6,102.6,39,80.4,0.485,6.6,17.6,0.375,32.4,62.8,0.516,20.9,27.5,0.76,12.2,28.2,40.5,24.1,7.3,4.9,14.6,22.2,105.6,25.6,35,47,33,49,-3.02,0.15,-2.88,111.1,114.4,-3.3,91.6,0.314,0.243,0.551,0.504,13.7,30.4,0.246,0.527,13.6,69,0.26,21,0.426829268,0.536585366,0.317073171,0.5,0.384615385,0.382978723,0,0,0.409090909,0.41509434,0,0.375,0.375,0.641666667,2.175,0,0,0,0,0,0,11,0
2006,Philadelphia 76ers,East,36.6,79.8,0.458,4.6,12.6,0.364,32,67.3,0.476,21.6,28.4,0.76,10.6,29.6,40.2,20.2,7.9,4.9,14.1,20.9,99.4,37.8,81.7,0.463,6.1,17.3,0.351,31.7,64.4,0.493,19.6,25.7,0.762,11.9,30.9,42.8,23,7.7,4.7,15.5,23.1,101.3,26.5,38,44,35,47,-1.95,-0.15,-2.1,106,108.1,-2.1,92.7,0.356,0.158,0.538,0.487,13.3,25.6,0.27,0.5,14.3,71.3,0.24,19,0.463414634,0.56097561,0.365853659,0.5625,0.363636364,0.441860465,0,0,0.511111111,0.442307692,0,0.0625,0.4375,1.704166667,1.904166667,0,0,0,0,0,0,9,0
2006,San Antonio Spurs,West,36.5,77.3,0.472,6.4,16.6,0.385,30.1,60.7,0.496,16.2,23.1,0.702,10.4,31.1,41.5,20.9,6.6,5.7,13.7,20.9,95.6,33.9,78.3,0.433,3.7,10.8,0.339,30.3,67.5,0.449,17.2,23.3,0.74,10.8,29.5,40.3,16.3,7.3,4.2,13.9,20.8,88.8,29.8,63,19,61,21,6.82,-0.13,6.69,107.3,99.6,7.7,88.5,0.298,0.215,0.546,0.513,13.6,26,0.209,0.457,13.5,74.2,0.22,2,0.768292683,0.829268293,0.707317073,0.833333333,0.738095238,0.697674419,0.4375,12.5,0.777777778,0.764705882,1,1,2.375,3.175,4.775,759,19,3.937,1.036,8,13,1,1
2006,Portland Trail Blazers,West,34,76.4,0.445,4.4,12.7,0.349,29.6,63.7,0.464,16.3,23.7,0.689,10.8,26.9,37.7,18.2,6.5,5.3,14.7,22.3,88.8,37,78.9,0.468,6.1,15.9,0.381,30.9,63,0.491,18.3,24,0.76,12.5,29.8,42.4,21.2,7.2,4.9,12.9,20.8,98.3,24.6,21,61,16,66,-9.45,0.54,-8.91,101.1,111.9,-10.8,87.6,0.31,0.166,0.511,0.474,14.5,26.6,0.214,0.507,12.6,68.2,0.231,30,0.256097561,0.365853659,0.146341463,0.636363636,0.086956522,0.191489362,0,0,0.372093023,0.20754717,0,0,0.1875,0.854166667,1.5875,0,0,0,0,0,0,15,0
2006,Phoenix Suns,West,41.8,87.4,0.479,10.2,25.6,0.399,31.6,61.8,0.511,14.5,18,0.806,9.5,32.3,41.8,26.6,6.7,5,13.3,20.5,108.4,39.5,87.1,0.454,6.3,17.4,0.363,33.3,69.7,0.477,17.4,23.9,0.731,12.5,33.4,45.9,18.9,7.2,3.4,14.9,19.8,102.8,27.5,54,28,55,27,5.55,-0.07,5.48,111.5,105.8,5.7,95.8,0.206,0.293,0.568,0.537,12.2,22.1,0.166,0.49,13.2,72.1,0.2,4,0.658536585,0.756097561,0.56097561,0,0.790697674,0.568181818,0.625,25,0.644444444,0.660377358,1,0.5625,0.6875,1.020833333,1.2875,306,0,0.845,0.104,4,0,3,1
2006,Denver Nuggets,West,37.5,81.4,0.461,4.3,13.1,0.325,33.3,68.2,0.487,21,28.2,0.744,11,30.3,41.3,23.4,8.5,5.6,14.8,22.7,100.3,37.4,82.5,0.454,6.5,18,0.358,31,64.4,0.481,18.8,25.5,0.736,11.8,30.1,41.9,23.9,7.1,5.3,16.1,23.3,100.1,27.4,44,38,42,40,0.23,0.13,0.36,105.5,105.2,0.3,93.9,0.347,0.161,0.535,0.488,13.7,26.8,0.258,0.493,14.7,72,0.227,11,0.536585366,0.634146341,0.43902439,0.6,0.523809524,0.409090909,0.0625,6.25,0.531914894,0.588235294,1,0.0625,0.125,0.125,0.125,244,0,0.002,0.279,0,1,7,0
2006,Detroit Pistons,East,36.4,80,0.455,6.8,17.7,0.384,29.6,62.3,0.475,17.3,23.8,0.727,11.9,28.6,40.5,24,7.1,6,11.4,18.5,96.8,35.5,78.7,0.452,4,12.3,0.325,31.5,66.3,0.476,15.1,20.5,0.736,11.6,29.3,40.9,18.8,5.9,3.5,14,21,90.2,28.5,64,18,60,22,6.67,-0.44,6.24,110.8,103.1,7.7,86.8,0.297,0.221,0.535,0.497,11.2,28.9,0.216,0.477,13.7,71.2,0.191,1,0.780487805,0.902439024,0.658536585,0.636363636,0.8,0.682926829,0.625,25,0.860465116,0.740740741,1,0.9375,2.4375,2.704166667,2.970833333,675,7,0.068,3.082,5,6,1,1
2006,New Jersey Nets,East,33.9,77,0.44,5.8,17.6,0.33,28.1,59.4,0.472,20.2,26.7,0.758,10,31,41,23,6.8,3.4,13.6,23.2,93.8,33.3,75.9,0.439,5.7,16.3,0.348,27.6,59.6,0.464,20.2,27.2,0.741,9.6,31.7,41.3,20,7.2,4,14.4,23,92.4,28.6,49,33,45,37,1.37,-0.26,1.11,103.9,102.4,1.5,89.8,0.346,0.229,0.528,0.478,13.3,24,0.262,0.476,14,76.3,0.266,8,0.597560976,0.707317073,0.487804878,0.571428571,0.552631579,0.512820513,0.3125,12.5,0.534883721,0.603773585,1,0,1.3125,2.045833333,2.045833333,409,0,0.985,0.04,8,9,4,0
2006,New Orleans/Oklahoma City Hornets,West,34.5,78.4,0.44,3.7,10.8,0.339,30.9,67.6,0.457,20.1,26.5,0.758,11.2,29,40.2,18.5,7.5,3.8,13.4,21.8,92.8,35.2,76.7,0.459,6.7,18.1,0.367,28.5,58.5,0.487,18.7,24.6,0.76,10.5,30.5,41,19.3,6.4,5.3,14.6,23.3,95.6,26.3,38,44,33,49,-2.82,0.31,-2.51,103.7,106.8,-3.1,89,0.339,0.138,0.515,0.464,12.9,26.9,0.257,0.502,14.3,73.4,0.243,18,0.463414634,0.585365854,0.341463415,0.583333333,0.333333333,0.3125,0,0,0.5,0.490566038,0,0,0,0,0,0,0,0,0,0,0,10,0
2006,Utah Jazz,West,33.5,75.7,0.442,3.8,11.3,0.336,29.7,64.4,0.461,21.6,30.1,0.719,13.1,29,42.1,21.6,6.4,6,15.7,24.8,92.4,33.3,74.1,0.449,6,15.8,0.378,27.3,58.3,0.469,22.4,30.1,0.746,10.6,27.3,37.9,18.4,8.1,5.6,14.2,25.7,95,25.6,41,41,33,49,-2.63,0.14,-2.49,104.1,107,-2.9,87.8,0.397,0.149,0.519,0.467,15,32.4,0.286,0.49,14,73.2,0.303,16,0.5,0.536585366,0.463414634,0.777777778,0.425,0.348837209,0,0,0.466666667,0.519230769,0,0,0.0625,0.529166667,3.2625,0,0,0,0,0,0,9,0
2006,Memphis Grizzlies,West,33.5,74.7,0.448,7.2,19.2,0.374,26.3,55.5,0.474,18,25.3,0.711,10.2,29,39.2,19.3,7.3,5.4,13.8,21.4,92.2,32.8,75.3,0.436,5,14.9,0.334,27.8,60.4,0.461,17.9,23.7,0.754,11.3,29.3,40.6,19.6,7.3,5.6,14.8,22.8,88.5,28.1,49,33,52,30,3.7,0.05,3.74,105.9,101.6,4.3,86.3,0.339,0.258,0.537,0.496,13.9,25.8,0.241,0.469,14.7,72,0.237,7,0.597560976,0.731707317,0.463414634,0.375,0.697674419,0.477272727,0,6.25,0.590909091,0.566037736,1,0,0,0,0,206,0,0,0.101,1,3,4,0
2006,Minnesota Timberwolves,West,35.2,77.3,0.456,3.8,11.5,0.329,31.4,65.8,0.478,17.5,23.1,0.758,9.9,29.5,39.4,20.9,6.8,5.7,14.5,23,91.7,34.8,79,0.441,5.5,15,0.364,29.3,64,0.459,18.6,25.3,0.736,11.9,29.4,41.3,19,6.6,4.6,13.9,21.2,93.6,26.7,33,49,35,47,-1.88,0.13,-1.75,102.4,104.5,-2.1,88.8,0.299,0.149,0.524,0.48,14.2,25.2,0.226,0.475,13.4,71.3,0.236,25,0.402439024,0.585365854,0.219512195,0.285714286,0.457142857,0.361702128,0,0,0.488372093,0.345454545,0,0,0.75,0.883333333,1.083333333,0,0,0,0,0,0,14,0
2005,San Antonio Spurs,West,35.6,78.7,0.453,6.2,17,0.363,29.5,61.6,0.478,18.7,25.9,0.724,12,30.4,42.4,21.6,7.5,6.6,13.7,20.9,96.2,33.1,77.5,0.426,3.9,10.7,0.367,29.1,66.8,0.436,18.3,23.8,0.768,10.9,29.3,40.2,16.9,7.2,5.1,15.1,23.1,88.4,28.5,59,23,63,19,7.8,0.03,7.84,107.5,98.8,8.7,88.9,0.329,0.216,0.534,0.492,13.2,29.1,0.238,0.452,14.7,73.6,0.236,3,0.719512195,0.926829268,0.512195122,0.5625,0.888888889,0.645833333,1,100,0.787234043,0.666666667,1,0.375,1.641666667,3.175,4.375,483,10,3.677,0.508,7,11,2,1
2005,Phoenix Suns,West,40.9,85.6,0.477,9.7,24.7,0.393,31.2,60.9,0.512,19,25.4,0.748,11.8,32.3,44.1,23.5,7,5.5,13.7,19.1,110.4,40.6,91.3,0.445,6,18,0.335,34.6,73.3,0.472,16.1,21.6,0.744,15,31.1,46.1,21.2,7.6,4.2,13.8,21.3,103.3,25.2,62,20,59,23,7.12,-0.04,7.08,114.5,107.1,7.4,95.9,0.296,0.289,0.571,0.534,12.4,27.5,0.222,0.478,12,68.3,0.176,1,0.756097561,0.756097561,0.756097561,0.777777778,0.818181818,0.638297872,0.5625,25,0.782608696,0.698113208,1,0,0.125,0.458333333,1.125,170,0,0.005,0.064,2,0,1,1
2005,Indiana Pacers,East,32.5,75.2,0.432,6.6,19.2,0.344,25.9,56,0.463,21.3,26.9,0.792,10.6,29.5,40.1,18.2,7.5,4.4,14.3,23,93,33.8,76.6,0.44,4.8,13.1,0.365,29,63.6,0.456,20,26.9,0.743,11.9,29.5,41.3,18.8,6.7,4.9,13.9,23,92.2,28.3,44,38,43,39,0.76,-0.27,0.49,105.5,104.6,0.9,87.2,0.358,0.255,0.534,0.476,14.1,26.4,0.283,0.472,13.6,71.3,0.261,14,0.536585366,0.609756098,0.463414634,0.5,0.6,0.489795918,0.375,12.5,0.465116279,0.537037037,1,0.625,0.883333333,2.416666667,3.883333333,540,1,0.428,0,6,0,6,0
2005,Los Angeles Lakers,West,35.3,80.8,0.437,7.9,22.1,0.355,27.5,58.7,0.467,20.3,26.1,0.777,12.5,30.6,43.2,20.4,6.2,4.2,14.3,21.9,98.7,38.3,84.5,0.453,6.7,18.6,0.361,31.6,65.9,0.479,18.4,23.5,0.78,12.5,29.9,42.4,24.4,7.6,5.1,11.8,22.1,101.7,26,34,48,33,49,-2.96,0.64,-2.32,108.1,111.4,-3.3,90.8,0.322,0.273,0.535,0.485,13.4,29.5,0.251,0.493,11,71.1,0.218,22,0.414634146,0.536585366,0.292682927,0.375,0.323529412,0.288461538,0,0,0.547619048,0.345454545,0,0.8125,2.1875,4.3875,5.520833333,0,0,0,0,0,0,12,0
2005,Minnesota Timberwolves,West,37.1,80.8,0.459,4.8,14,0.345,32.3,66.9,0.483,17.7,22.2,0.796,11.5,31.5,43,23.4,5.6,5.5,13.2,21.6,96.8,36.2,82.6,0.438,5.7,15.7,0.363,30.5,66.9,0.456,17.2,22.9,0.752,12.6,28.8,41.4,21.7,6.6,3.9,11.7,19.9,95.3,29,44,38,45,37,1.45,0.28,1.73,108.2,106.6,1.6,89.1,0.275,0.173,0.534,0.489,12.7,28.6,0.219,0.472,11.2,71.4,0.208,15,0.536585366,0.585365854,0.487804878,0.454545455,0.516129032,0.458333333,0,0,0.545454545,0.509090909,0,0.625,0.75,0.95,1.083333333,0,0,0,0,0,0,9,0
2005,Milwaukee Bucks,East,36.1,80.2,0.45,4,11.3,0.351,32.2,69,0.467,21,27.2,0.772,12,29.3,41.3,21,6.5,3.5,13.8,21.9,97.2,37.8,81.4,0.464,5.6,16.5,0.343,32.1,65,0.494,19,24.7,0.771,11.4,29.4,40.8,23.8,7.5,4.5,13,23.8,100.2,26.9,30,52,32,50,-2.99,-0.1,-3.09,106.6,109.8,-3.2,90.8,0.339,0.141,0.527,0.475,13,29,0.261,0.499,12.4,72,0.233,25,0.365853659,0.56097561,0.170731707,0.5,0.322580645,0.283018868,0,0,0.357142857,0.375,0,0.0625,0.1875,0.9875,0.9875,0,0,0,0,0,0,13,0
2005,Cleveland Cavaliers,East,36.5,81.5,0.447,3.7,11,0.332,32.8,70.5,0.465,19.9,26.5,0.752,13.6,28.7,42.3,22.6,8,5.6,13.9,22.6,96.5,35.5,78.6,0.452,5.1,13.7,0.376,30.4,64.9,0.468,19.5,26,0.75,11.4,28.3,39.8,21.2,6.7,5.1,14.8,21.6,95.7,26.5,42,40,43,39,0.79,-0.52,0.27,106.6,105.7,0.9,89.7,0.325,0.135,0.518,0.47,13,32.5,0.244,0.485,14.1,71.5,0.248,18,0.512195122,0.707317073,0.317073171,0.444444444,0.574468085,0.326086957,0,0,0.604651163,0.471698113,0,0,0,0,0.133333333,0,0,0,0,0,0,9,0
2005,Memphis Grizzlies,West,34.2,76.5,0.447,6.5,18.1,0.357,27.7,58.4,0.475,18.6,24.7,0.754,10.8,28.1,39,20.9,8.5,5.8,14.6,23.3,93.4,32.7,75.8,0.432,5.2,14.8,0.351,27.5,61,0.452,20.5,26.6,0.771,12.1,29.1,41.2,19.9,7.5,5.8,15.9,22.6,91.1,26.3,45,37,48,34,2.29,0.34,2.64,105.5,102.9,2.6,88.5,0.323,0.237,0.535,0.489,14.3,27.1,0.243,0.466,15.4,69.9,0.27,12,0.548780488,0.634146341,0.463414634,0.388888889,0.657142857,0.354166667,0,6.25,0.565217391,0.607843137,1,0,0,0,0,89,0,0,0.004,0,0,8,0
2005,Atlanta Hawks,East,35.9,81.4,0.441,3.7,11.9,0.312,32.2,69.5,0.463,17.3,24.3,0.711,13.4,28.5,41.9,19.7,7.7,4.2,16.1,24.5,92.7,37.1,77.9,0.476,5.7,15,0.379,31.4,62.9,0.5,22.5,29.2,0.77,11,30.3,41.3,22,8.7,5.9,14.8,21.7,102.5,26,13,69,16,66,-9.71,0.09,-9.62,100.6,111.1,-10.5,91.4,0.299,0.146,0.504,0.464,14.9,30.7,0.212,0.513,14,72.1,0.289,30,0.158536585,0.219512195,0.097560976,0.2,0.065217391,0.115384615,0,0,0.209302326,0.148148148,0,0,0,0.2,0.8,0,0,0,0,0,0,15,0
2005,New Orleans Hornets,West,33.1,80,0.415,5.1,16,0.315,28.1,63.9,0.44,17.1,22.3,0.766,12.4,27.8,40.2,21,6.7,3.8,14.8,23,88.4,34.7,76.8,0.452,6,16.4,0.367,28.7,60.4,0.475,20,25.9,0.775,11.5,30.3,41.9,21.2,7.7,5.5,14.2,21.1,95.5,27.5,18,64,21,61,-7.07,0.78,-6.3,99.7,107.7,-8,87.6,0.279,0.201,0.493,0.446,14.2,29.1,0.214,0.491,13.9,70.7,0.261,29,0.219512195,0.268292683,0.170731707,0.352941176,0.088235294,0.134615385,0,0,0.181818182,0.296296296,0,0.1875,0.3125,0.3125,0.3125,0,0,0,0,0,0,15,0
2005,Sacramento Kings,West,39.1,85.1,0.459,6.4,17,0.374,32.7,68.1,0.48,19.2,24.4,0.787,12.5,29.9,42.4,24.5,8.2,3.9,13.1,20.5,103.7,38.9,84.6,0.459,5.7,16.1,0.357,33.1,68.6,0.483,18.1,24.5,0.738,13.4,30.9,44.3,21.5,7.6,4.5,14.7,21.5,101.6,27.7,50,32,47,35,2.16,0.4,2.56,110.5,108.2,2.3,93,0.287,0.2,0.541,0.496,12,28.8,0.226,0.493,13.3,69,0.214,8,0.609756098,0.731707317,0.487804878,0.588235294,0.571428571,0.541666667,0.0625,6.25,0.697674419,0.581818182,1,0.4375,1.541666667,2.008333333,2.075,351,1,0.23,0,1,0,6,0
2005,Boston Celtics,East,37.1,79.4,0.468,5.3,15.3,0.349,31.8,64.1,0.496,21.6,28.3,0.764,11.1,29.7,40.8,22.1,8.1,5.2,15.8,24.4,101.3,36.1,81.3,0.444,6,16.7,0.356,30.1,64.6,0.467,22.3,29.5,0.753,12.7,29.6,42.3,22.7,8.7,4.9,15.6,23.6,100.4,27.1,45,37,43,39,0.87,-0.52,0.35,107.5,106.6,0.9,93.3,0.357,0.192,0.551,0.501,14.7,27.2,0.273,0.481,14.2,70.1,0.274,11,0.548780488,0.658536585,0.43902439,0.611111111,0.533333333,0.361702128,0.1875,6.25,0.466666667,0.603773585,1,0,0.85,0.85,0.916666667,237,0,0.851,1.233,11,9,4,0
2005,Toronto Raptors,East,36,81.2,0.444,7.9,20.5,0.385,28.1,60.7,0.463,19.8,25.6,0.774,10.3,29.8,40.1,20.4,7.6,3.9,13.3,22.9,99.7,38.2,81.8,0.467,5.3,14.9,0.356,32.9,66.9,0.492,19.6,26.4,0.744,12.1,33.2,45.3,22.1,6.2,4.4,14.4,21.9,101.4,27,33,49,36,46,-1.62,-0.19,-1.81,106.9,108.7,-1.8,92.7,0.316,0.253,0.539,0.492,12.5,23.7,0.244,0.499,13.4,71.1,0.24,24,0.402439024,0.536585366,0.268292683,0.4,0.432432432,0.269230769,0,0,0.4,0.450980392,0,0,0.133333333,0.533333333,0.533333333,0,0,0,0,0,0,12,0
2005,Denver Nuggets,West,37,80.7,0.459,3.9,11.5,0.34,33.1,69.2,0.479,21.5,28.2,0.763,11.8,30.2,42,23.9,9.1,6,14.9,22.9,99.5,36,80.6,0.447,5.6,16.4,0.345,30.3,64.2,0.472,19.9,26.7,0.746,11.9,29.8,41.7,21.7,7.8,5.6,16.4,23.9,97.5,26.7,49,33,47,35,2.02,0.2,2.23,106,103.9,2.1,93.5,0.35,0.142,0.535,0.483,13.8,28.4,0.267,0.482,15.1,71.7,0.247,9,0.597560976,0.756097561,0.43902439,0.666666667,0.581395349,0.531914894,0.0625,6.25,0.431818182,0.660377358,1,0.0625,0.0625,0.0625,0.0625,308,0,0.001,0.01,0,0,7,0
2005,Los Angeles Clippers,West,35.7,77.7,0.459,2.8,8.2,0.345,32.8,69.5,0.473,21.6,27.7,0.778,12,29.9,41.9,23.2,7.3,5.1,15.7,22.2,95.7,35.8,80.7,0.444,5.9,16.1,0.368,29.9,64.6,0.462,19,24.9,0.762,12,27.5,39.5,21.1,7.8,4.8,13.7,23.6,96.5,25.5,37,45,39,43,-0.77,0.3,-0.47,105.5,106.4,-0.9,89.1,0.357,0.105,0.533,0.477,14.9,30.3,0.278,0.48,13,71.3,0.235,19,0.451219512,0.658536585,0.243902439,0.235294118,0.441176471,0.32,0,0,0.488888889,0.444444444,0,0,0,0,0,0,0,0,0,0,0,10,0
2005,New York Knicks,East,36.3,80.5,0.451,5.4,15.1,0.356,30.9,65.4,0.473,19.3,25.1,0.767,11.8,29.2,41,20.3,7.7,3.2,14.7,23.7,97.3,36.6,78.7,0.465,5.7,15.6,0.364,30.9,63.1,0.49,20.9,27.6,0.756,11.8,29.9,41.7,20.7,7.3,4.7,14.6,21.2,99.7,27.3,33,49,34,48,-2.44,-0.28,-2.72,106.2,108.9,-2.7,90.7,0.312,0.188,0.531,0.485,13.8,28.3,0.239,0.501,13.8,71.2,0.265,23,0.402439024,0.536585366,0.268292683,0.45,0.433333333,0.326923077,0,0,0.409090909,0.320754717,0,0,0,1.533333333,2.866666667,0,0,0,0,0,0,11,0
2005,Philadelphia 76ers,East,35.9,82.1,0.437,6.2,17.7,0.348,29.8,64.4,0.462,21.1,26.8,0.789,11.1,30.9,42,20.9,9.2,3.9,15.5,22.9,99.1,35.7,80.7,0.443,6.9,19,0.362,28.8,61.7,0.468,21.5,28,0.767,11.6,32.5,44.1,22.9,8.3,4.7,17,23.5,99.9,26.4,43,39,39,43,-0.74,-0.33,-1.07,103.5,104.3,-0.8,94.9,0.326,0.216,0.528,0.475,14.2,25.4,0.257,0.485,15.4,72.7,0.267,16,0.524390244,0.609756098,0.43902439,0.714285714,0.464285714,0.425531915,0.0625,6.25,0.477272727,0.555555556,1,0,0.508333333,1.841666667,1.841666667,276,0,1.964,0.058,10,0,7,0
2005,Portland Trail Blazers,West,35.3,78.3,0.451,5.1,14.2,0.362,30.2,64.2,0.471,17.2,23.7,0.725,11.8,29.3,41.1,21,7.1,6.6,16,20.8,92.9,37.3,83.4,0.447,5.4,15.6,0.343,31.9,67.8,0.471,17,22.6,0.755,14,28.2,42.2,23.5,8.5,5,13.4,20.4,96.9,27,27,55,29,53,-4,0.55,-3.45,103.2,107.7,-4.5,89.8,0.303,0.181,0.524,0.484,15.2,29.6,0.219,0.479,12.6,67.7,0.204,26,0.329268293,0.43902439,0.219512195,0.615384615,0.3,0.192307692,0,0,0.404761905,0.254545455,0,0,0.1875,1.320833333,1.5875,0,0,0,0,0,0,13,0
2005,Dallas Mavericks,West,37.3,81.6,0.457,5.6,15.5,0.364,31.6,66.1,0.479,22.3,28.2,0.789,12.1,30.9,42.9,19.6,8.6,5.6,13.4,22.3,102.5,35.9,81.9,0.438,5.5,16.7,0.33,30.4,65.2,0.466,19.5,25.9,0.754,13.1,30.1,43.2,20.9,7.1,4.9,15.6,23.2,96.8,27.7,58,24,57,25,5.74,0.11,5.86,110.3,104.1,6.2,92.7,0.346,0.19,0.545,0.492,12.5,28.6,0.273,0.472,14.3,70.2,0.239,4,0.707317073,0.707317073,0.707317073,0.666666667,0.736842105,0.645833333,0.375,12.5,0.666666667,0.735849057,1,0.0625,0.954166667,1.220833333,1.220833333,243,0,0.074,0,4,0,3,1
2005,Utah Jazz,West,34.5,76.8,0.449,3,9.3,0.328,31.4,67.5,0.465,21,27.7,0.757,12.8,27.4,40.1,22.3,6.6,4.6,15.8,26.7,93,33.3,72.7,0.458,5.9,15.8,0.375,27.4,56.9,0.481,24.7,32.4,0.764,10.5,27.2,37.7,19.4,7.9,5.8,14.4,25.1,97.3,25.7,26,56,29,53,-4.27,0.53,-3.74,104.7,109.5,-4.8,88.4,0.361,0.121,0.522,0.469,15,31.9,0.273,0.499,14.2,72.3,0.34,27,0.317073171,0.43902439,0.195121951,0.375,0.295454545,0.235294118,0,0,0.333333333,0.288461538,0,0,0.129166667,0.8625,3.395833333,0,0,0,0,0,0,14,0
2005,Detroit Pistons,East,34.8,78.3,0.444,4.4,12.8,0.345,30.3,65.5,0.463,19.4,26.2,0.739,12.9,30.6,43.4,21.8,7,6.1,13.8,20,93.3,34,79.2,0.43,5,14.8,0.338,29,64.4,0.451,16.4,21.8,0.751,11.3,28.3,39.6,19.7,7.4,4.5,13.8,22.6,89.5,27.9,54,28,53,29,3.87,-0.55,3.31,105.6,101.2,4.4,87.2,0.335,0.164,0.519,0.472,13.3,31.2,0.247,0.461,13.5,73,0.207,5,0.658536585,0.780487805,0.536585366,0.5,0.65,0.604166667,0.9375,50,0.590909091,0.722222222,1,1,1.766666667,1.9,2.033333333,470,10,0.068,2.461,4,3,2,1
2005,Washington Wizards,East,36.2,82.9,0.437,6.3,18.3,0.343,29.9,64.6,0.463,21.9,30.2,0.725,13.8,29,42.8,19.1,8.7,4.2,14.3,22,100.5,37.8,82.3,0.459,6.4,17.5,0.364,31.4,64.8,0.485,18.9,24.8,0.762,12.4,30.6,43,23,7.1,5,15.9,24.3,100.8,25.3,45,37,40,42,-0.33,-0.38,-0.71,107.2,107.5,-0.3,93.3,0.364,0.22,0.523,0.474,12.9,31.1,0.264,0.498,14.6,70,0.23,13,0.548780488,0.707317073,0.390243902,0.7,0.5,0.404255319,0.25,12.5,0.604651163,0.555555556,1,0,0,0,0,63,0,0,0,0,0,5,0
2005,Miami Heat,East,37.8,77.7,0.486,5.8,15.4,0.377,32,62.3,0.513,20.2,30.1,0.672,10.8,32.2,43,21.8,6.4,5.8,13.7,22.1,101.5,34.9,81.8,0.427,5.4,15.5,0.348,29.6,66.3,0.446,19.8,26,0.76,11.2,29.2,40.5,19.8,7.5,3.2,13.2,24.6,95,28,59,23,59,23,6.52,-0.76,5.77,110.2,103.1,7.1,90.8,0.387,0.198,0.559,0.524,13.1,27,0.26,0.46,12.4,74.1,0.242,2,0.719512195,0.853658537,0.585365854,0.466666667,0.846153846,0.586956522,0.6875,25,0.717391304,0.68627451,1,0.375,0.375,0.908333333,1.575,505,4,4.534,1.581,14,8,1,1
2005,Orlando Magic,East,37,81.5,0.454,3.9,11.2,0.349,33.1,70.3,0.471,21.6,28.5,0.759,12.7,31,43.7,19.3,7.7,5.4,16.1,23.6,99.5,37.6,83.2,0.451,5.4,15.7,0.343,32.2,67.5,0.477,21.2,28.1,0.754,12.5,29.6,42.1,21.3,8.5,4.3,14.5,23.4,101.8,26.5,36,46,35,47,-2.24,-0.27,-2.52,104.9,107.3,-2.4,94.7,0.35,0.137,0.529,0.478,14.6,29.9,0.265,0.484,13.2,71.3,0.255,20,0.43902439,0.585365854,0.292682927,0.666666667,0.3125,0.365384615,0,0,0.545454545,0.381818182,0,0,0.254166667,0.3875,1.720833333,0,0,0,0,0,0,10,0
2005,Golden State Warriors,West,36.9,85.8,0.43,7.6,21.6,0.352,29.3,64.2,0.457,17.2,23.8,0.722,13,29.7,42.7,22.1,7.8,5.1,13.6,22.4,98.7,38.2,83.4,0.458,5.5,15.1,0.363,32.7,68.3,0.479,19,25.5,0.745,12.9,33.8,46.7,22.7,7,5.1,15.3,21.7,100.9,26.7,34,48,35,47,-2.16,0.42,-1.74,104.7,106.9,-2.2,93.3,0.278,0.252,0.512,0.475,12.3,27.8,0.201,0.491,13.9,69.7,0.227,21,0.414634146,0.487804878,0.341463415,0.285714286,0.388888889,0.352941176,0,0,0.272727273,0.433962264,0,0,0,0,0,0,0,0,0,0,0,11,0
2005,Chicago Bulls,East,34.7,80.4,0.432,6.2,17.5,0.357,28.5,62.9,0.453,18.7,25,0.75,12.2,31.6,43.8,21.3,7,4.5,16.7,24.7,94.5,33.7,79.9,0.422,5.1,15.2,0.334,28.6,64.7,0.443,20.9,28.1,0.744,11.9,30.8,42.7,20.9,8.4,5.3,15.5,23.3,93.4,25,47,35,44,38,1.06,-0.41,0.65,101.4,100.3,1.1,92.4,0.311,0.217,0.517,0.471,15.5,28.4,0.233,0.454,14.4,72.6,0.262,10,0.573170732,0.658536585,0.487804878,0.583333333,0.5,0.416666667,0.125,6.25,0.523809524,0.678571429,1,0,0,0,3.333333333,161,0,0,0,0,0,3,1
2005,New Jersey Nets,East,33.6,78.3,0.429,5.3,14.7,0.362,28.3,63.6,0.444,19,24.9,0.763,10.4,29.1,39.5,21.6,7.9,3.8,14.2,24.2,91.4,33,75.2,0.439,5.9,16.1,0.368,27.1,59.1,0.459,20.9,28.1,0.744,10.7,30.5,41.2,20.3,7.3,4.9,15.6,22.9,92.9,27.8,42,40,36,46,-1.5,-0.32,-1.82,101.4,103.1,-1.7,89.1,0.318,0.187,0.512,0.463,13.7,25.5,0.242,0.479,15.2,73.2,0.278,17,0.512195122,0.585365854,0.43902439,0.636363636,0.422222222,0.395833333,0,6.25,0.409090909,0.592592593,1,0.4375,2.045833333,2.045833333,2.045833333,424,0,0.983,0.04,8,8,8,0
2005,Houston Rockets,West,34.7,78.3,0.443,6.7,18.5,0.364,28,59.7,0.468,18.9,24.2,0.781,10.7,31.7,42.4,21.1,6.9,4.6,13.8,22,95.1,33.2,78.3,0.423,5.5,16.4,0.338,27.6,62,0.446,19.2,25.8,0.742,10.9,29.8,40.7,20.7,7.4,4.1,13.3,21.6,91,29.7,51,31,53,29,4.04,0.23,4.27,106.2,101.7,4.5,88.8,0.309,0.237,0.534,0.486,13.5,26.3,0.242,0.459,12.9,74.5,0.245,7,0.62195122,0.634146341,0.609756098,0.666666667,0.717948718,0.604166667,0.1875,6.25,0.543478261,0.692307692,1,0.0625,0.0625,0.129166667,2.0625,274,1,0.725,2.146,8,6,5,0
2005,Seattle SuperSonics,West,35.1,79.2,0.444,8.1,22.2,0.365,27,57,0.474,20.5,26,0.79,12.7,28.2,40.9,18.1,6.7,4.1,13.6,23.7,98.9,35.8,77.8,0.459,5.7,16.1,0.357,30,61.8,0.486,19.4,25.9,0.749,11.3,26.5,37.9,20.7,6.2,4.8,13.2,23.8,96.6,26,52,30,48,34,2.29,0.3,2.59,112.2,109.6,2.6,87.9,0.328,0.281,0.546,0.495,13,32.4,0.259,0.496,12.9,71.3,0.249,6,0.634146341,0.634146341,0.634146341,0.583333333,0.625,0.5625,0.375,12.5,0.697674419,0.555555556,1,0,0.133333333,0.266666667,1.866666667,97,1,0.006,0,1,0,4,0
2005,Charlotte Bobcats,East,36.1,83.6,0.432,3.9,10.7,0.363,32.2,72.9,0.442,18.1,25.6,0.709,13.2,28.5,41.7,21.9,8.5,5.4,14.5,23.1,94.3,36.8,79.4,0.463,5.4,14.9,0.361,31.4,64.4,0.487,21.3,27.8,0.767,11.7,31.5,43.2,21.6,7.6,5.4,15.8,22.7,100.2,24.9,18,64,24,58,-5.99,-0.16,-6.15,101.1,107.5,-6.4,92.3,0.306,0.128,0.497,0.455,13.3,29.5,0.217,0.497,14.7,70.9,0.269,28,0.219512195,0.341463415,0.097560976,0.238095238,0.171428571,0.156862745,0,0,0.219512195,0.196428571,0,0,0,0,0,0,0,0,0,0,0,14,0
2004,Chicago Bulls,East,34.1,82.4,0.414,5.2,15.3,0.342,28.9,67,0.431,16.2,22.4,0.725,12.8,30.7,43.5,21.9,8,4.8,16.1,23.3,89.7,35.1,80.6,0.436,5.4,15.1,0.355,29.8,65.6,0.454,20.4,27.3,0.748,12.3,32.7,45,23,8.5,5.4,15.2,20.5,96,26.8,23,59,23,59,-6.35,-0.33,-6.69,96.6,103.4,-6.8,92.2,0.272,0.186,0.486,0.446,14.9,28.1,0.197,0.469,14.1,71.4,0.253,28,0.280487805,0.341463415,0.219512195,0.285714286,0.2,0.11627907,0,0,0.270833333,0.274509804,0,0,0,1,3.733333333,0,0,0,0,0,0,14,0
2004,Minnesota Timberwolves,West,37,80.1,0.462,4,10.9,0.363,33,69.2,0.477,16.6,21.3,0.781,10.7,32.3,42.9,23,6.8,5.6,12.7,21.1,94.5,33.4,80.8,0.414,4.8,14.4,0.334,28.6,66.4,0.431,17.4,23.1,0.753,12.2,29.3,41.5,20.7,6.7,3.6,13.5,20.2,89.1,29.7,58,24,57,25,5.49,0.37,5.86,105.9,99.7,6.2,89,0.265,0.137,0.528,0.486,12.4,26.7,0.207,0.444,12.9,72.5,0.215,2,0.707317073,0.756097561,0.658536585,0.5,0.85,0.645833333,0.625,25,0.711111111,0.730769231,1,0.125,0.191666667,0.458333333,0.458333333,334,4,1.213,0.478,6,5,1,1
2004,Indiana Pacers,East,33.6,77.1,0.435,5.5,15.6,0.351,28.1,61.5,0.457,18.8,24.6,0.764,11.8,29.9,41.7,21.6,8.9,5,14.4,20.8,91.4,32.6,75.4,0.432,4,12.4,0.324,28.6,63,0.453,16.5,22,0.75,10.6,29.5,40.1,20.1,7.1,6.2,15.9,21.9,85.6,27.1,61,21,58,24,5.76,-0.82,4.93,103.8,97.2,6.6,87.5,0.319,0.203,0.52,0.471,14.1,28.5,0.243,0.459,15.7,73.9,0.218,1,0.743902439,0.829268293,0.658536585,0.538461538,0.789473684,0.615384615,0.625,25,0.729166667,0.775510204,1,0.125,0.325,2.458333333,3.925,368,0,0.003,0.209,5,1,1,1
2004,Dallas Mavericks,West,40.5,88.2,0.459,6.2,17.8,0.348,34.3,70.4,0.488,18,22.6,0.796,14.3,31,45.3,23.9,8,5.3,12.2,19.6,105.2,38.2,83.2,0.459,6.5,17.9,0.363,31.7,65.3,0.486,17.8,23.9,0.746,12.3,31.2,43.5,23.6,7.1,4.7,15.1,20.6,100.8,27.4,52,30,53,29,4.44,0.42,4.86,112.1,107.4,4.7,93.2,0.256,0.201,0.536,0.495,11.1,31.4,0.204,0.498,13.9,71.6,0.214,7,0.634146341,0.87804878,0.390243902,0.533333333,0.681818182,0.604166667,0.0625,6.25,0.617021277,0.653846154,1,0.625,1.158333333,1.158333333,1.158333333,340,3,0.074,0,5,0,5,0
2004,Miami Heat,East,33.3,78.3,0.425,5.9,16.5,0.357,27.4,61.7,0.443,17.8,23.4,0.762,11.5,30,41.5,19.1,7.2,3.8,13.9,22.1,90.3,32.4,75.7,0.428,5.3,15.3,0.343,27.2,60.4,0.45,19.7,25.6,0.768,10.9,30.3,41.2,18.6,7,5.4,14.7,21.1,89.7,26.4,42,40,43,39,0.52,-0.65,-0.13,102.2,101.7,0.5,88,0.298,0.211,0.51,0.463,13.5,27.4,0.227,0.463,14.5,73.4,0.26,12,0.512195122,0.707317073,0.317073171,0.461538462,0.487804878,0.333333333,0.375,12.5,0.4375,0.58,1,0,0,0.666666667,1.333333333,151,1,0,0.099,1,3,4,0
2004,Portland Trail Blazers,West,35.3,78.9,0.448,4.6,13.4,0.346,30.7,65.4,0.469,15.4,21.1,0.731,12.7,29,41.7,21.6,7.5,5.4,14.8,19,90.7,36,80.1,0.45,5.1,14.9,0.341,30.9,65.2,0.475,14.9,19.7,0.753,12.4,28,40.3,23.3,8,4.8,13.7,18.7,92,27.6,41,41,37,45,-1.27,0.69,-0.58,103.7,105.1,-1.4,86.2,0.267,0.17,0.515,0.478,14.4,31.2,0.195,0.482,13.3,70,0.186,16,0.5,0.609756098,0.390243902,0.615384615,0.34375,0.416666667,0,0,0.466666667,0.5,0,0.1875,0.1875,1.3875,1.654166667,0,0,0,0,0,0,10,0
2004,New Jersey Nets,East,34.3,77.7,0.441,4.6,13.7,0.336,29.7,64,0.464,17,22.6,0.753,10.5,30.2,40.7,24.5,8.6,3.9,14.7,21,90.3,32.8,76.9,0.427,5.1,14.5,0.35,27.7,62.3,0.445,17,22.3,0.761,10.6,30.1,40.8,19.8,8,4.6,16.1,21.2,87.8,27.7,47,35,49,33,2.5,-0.63,1.88,100.8,98,2.8,89.4,0.291,0.176,0.515,0.471,14.4,25.9,0.219,0.46,15.7,73.9,0.221,9,0.573170732,0.682926829,0.463414634,0.3,0.66,0.35,0.4375,12.5,0.555555556,0.588235294,1,0.875,1.608333333,1.608333333,1.675,393,0,0.92,0.023,5,5,3,1
2004,Toronto Raptors,East,32.4,77.4,0.418,5.6,15.8,0.356,26.7,61.6,0.434,15.1,20.1,0.75,10.1,29.5,39.6,19.2,7.4,4.9,14.2,21.3,85.4,33.2,77.6,0.428,3.3,10.8,0.307,29.9,66.8,0.447,18.7,25.1,0.747,12.6,32.5,45.1,18.5,7.2,4.1,14.6,19.7,88.5,27.6,33,49,31,51,-3.01,-0.4,-3.42,97,100.4,-3.4,86.8,0.26,0.204,0.495,0.454,14.1,23.8,0.195,0.449,14.1,70.1,0.241,23,0.402439024,0.43902439,0.365853659,0.5,0.290322581,0.325581395,0,0,0.477272727,0.326923077,0,0,0.533333333,0.533333333,0.533333333,0,0,0,0,0,0,11,0
2004,Seattle SuperSonics,West,35.8,80.4,0.446,8.8,23.6,0.373,27,56.8,0.476,16.6,21.7,0.765,11.1,28.3,39.3,21.7,8.1,4.7,14.5,21.8,97.1,36.3,80.8,0.45,5.9,17,0.349,30.4,63.8,0.477,19.1,24.7,0.774,13,29.6,42.7,21.1,7.7,4.7,14.8,20.2,97.8,26,37,45,39,43,-0.63,0.66,0.02,107.3,108,-0.7,89.9,0.27,0.294,0.54,0.501,13.9,27.2,0.207,0.487,13.9,68.5,0.237,19,0.451219512,0.512195122,0.390243902,0.461538462,0.425,0.384615385,0,0,0.488888889,0.41509434,0,0,0.133333333,0.533333333,2,0,0,0,0,0,0,12,0
2004,New Orleans Hornets,East,33.8,80.5,0.42,6.5,20.3,0.319,27.3,60.2,0.454,17.7,23.6,0.751,13.3,29.5,42.8,20.9,8.6,4.2,15,20.9,91.8,34.7,78.6,0.441,5.4,15.9,0.341,29.3,62.7,0.467,17.2,22.9,0.75,11.9,30.2,42.1,21.8,7.5,5.2,15.6,21.1,91.9,30.3,41,41,41,41,-0.1,-0.62,-0.72,102.3,102.4,-0.1,89.1,0.293,0.252,0.505,0.46,14.1,30.6,0.22,0.476,15,71.3,0.218,15,0.5,0.609756098,0.390243902,0.642857143,0.514285714,0.435897436,0.1875,6.25,0.553191489,0.42,1,0.125,0.125,0.125,0.125,414,1,0.005,0,0,3,6,0
2004,Golden State Warriors,West,35.1,79.4,0.442,5.2,15.6,0.334,29.8,63.8,0.468,17.9,24.7,0.725,12.2,30.9,43.1,20.5,7,4.7,14.8,20.6,93.3,36,80.9,0.445,5,13.5,0.374,30.9,67.4,0.459,17.1,22.9,0.746,12,30.9,42.8,21.5,8.1,5.1,14,22,94,28.1,37,45,39,43,-0.73,0.66,-0.07,103,103.8,-0.8,89.8,0.311,0.197,0.517,0.475,14.1,28.4,0.226,0.476,13.3,72.1,0.211,18,0.451219512,0.658536585,0.243902439,0.5,0.432432432,0.365384615,0,0,0.444444444,0.442307692,0,0,0,0,0,0,0,0,0,0,0,11,0
2004,Orlando Magic,East,35.4,82.5,0.429,5.2,15.2,0.344,30.2,67.3,0.448,18,24.4,0.737,12.2,28.7,40.9,19.3,6.7,3.8,13.7,21.3,94,38.6,83,0.466,6,15.9,0.377,32.7,67.1,0.487,17.8,24,0.742,13.1,31.3,44.4,24.4,7.6,5.5,13.5,20.6,101.1,25.8,21,61,22,60,-7.02,-0.23,-7.25,102.7,110.4,-7.7,90.8,0.296,0.184,0.504,0.461,12.8,28.1,0.218,0.502,12.7,68.7,0.214,29,0.256097561,0.268292683,0.243902439,0.230769231,0.119047619,0.113636364,0,0,0.265306122,0.26,0,0.1875,0.320833333,0.3875,1.720833333,0,0,0,0,0,0,15,0
2004,Los Angeles Clippers,West,34.4,80.2,0.428,4,12.5,0.321,30.3,67.7,0.448,22,28.1,0.785,14,29.5,43.5,20.2,7.2,4.6,16.4,22.1,94.8,37.5,81.5,0.46,5.5,15.3,0.36,32,66.2,0.483,18.8,25.4,0.741,12.6,28.8,41.4,22.9,8.5,5.3,13.7,22.7,99.4,24.3,28,54,28,54,-4.59,0.84,-3.74,103.5,108.5,-5,91,0.35,0.156,0.512,0.453,15,32.8,0.275,0.494,12.9,70,0.231,26,0.341463415,0.43902439,0.243902439,0.642857143,0.324324324,0.230769231,0,0,0.444444444,0.277777778,0,0,0,0,0,0,0,0,0,0,0,14,0
2004,Phoenix Suns,West,36.1,81.4,0.443,5.1,14.7,0.345,31,66.7,0.465,17,22.7,0.746,11.3,29.3,40.6,19.3,9,4.7,15.2,22.7,94.2,36.3,81.4,0.446,5.8,16.8,0.349,30.4,64.6,0.471,19.5,25.5,0.765,12.7,31.1,43.8,21.5,7.9,5.3,15.9,19.4,97.9,24.4,29,53,30,52,-3.74,0.8,-2.94,101.4,105.5,-4.1,92.6,0.28,0.18,0.515,0.475,14.3,26.6,0.209,0.482,14.7,69.9,0.24,24,0.353658537,0.43902439,0.268292683,0.5,0.257142857,0.288461538,0,0,0.346938776,0.34,0,0.125,0.191666667,0.525,1.525,0,0,0,0,0,0,13,0
2004,Milwaukee Bucks,East,36.2,81.1,0.447,4.9,14,0.35,31.3,67.1,0.467,20.7,26.7,0.775,11.7,30.5,42.2,22.8,6.8,4.7,13.5,20.3,98,37,81.9,0.452,5.6,15.8,0.352,31.4,66.1,0.475,17.4,23.6,0.739,12,30.7,42.7,22.8,7.5,5,14.2,22.9,97,26.5,41,41,44,38,1.06,-0.64,0.42,106.5,105.4,1.1,91.6,0.33,0.172,0.528,0.477,12.7,27.6,0.255,0.485,13.3,71.8,0.213,14,0.5,0.658536585,0.341463415,0.454545455,0.64,0.41025641,0.0625,6.25,0.553191489,0.509803922,1,0.125,0.791666667,0.925,0.925,201,3,0,0.009,0,0,5,0
2004,Los Angeles Lakers,West,36.9,81.4,0.454,4.5,13.6,0.327,32.5,67.8,0.479,19.9,28.7,0.693,12.2,30.9,43.1,23.8,8.3,4.6,13.8,21.1,98.2,35.6,81,0.44,5.1,15.2,0.337,30.5,65.8,0.464,18,24,0.749,11.2,31.2,42.4,20.8,7.5,3.8,15.3,24.7,94.3,29.8,56,26,52,30,3.9,0.45,4.35,105.5,101.3,4.2,92.3,0.352,0.167,0.522,0.481,12.8,28.1,0.244,0.471,14.3,73.3,0.222,4,0.682926829,0.829268293,0.536585366,0.736842105,0.6,0.583333333,0.8125,50,0.627906977,0.648148148,1,0.375,2.375,4.041666667,4.708333333,862,16,9.047,1.523,38,20,3,1
2004,Boston Celtics,East,34.7,78.2,0.443,6.7,19.5,0.346,27.9,58.7,0.475,19.2,25.5,0.75,10.4,29.8,40.1,20.5,9.4,4,16.2,22.4,95.3,35.3,80.8,0.437,6.8,18.7,0.362,28.5,62.1,0.459,19.4,26.3,0.736,13,30.8,43.8,23,8.8,5,17.1,22.2,96.7,26.4,36,46,37,45,-1.45,-0.54,-1.99,102.1,103.7,-1.6,93.2,0.327,0.249,0.532,0.486,15.4,25.2,0.245,0.479,15.7,69.5,0.24,20,0.43902439,0.463414634,0.414634146,0.526315789,0.379310345,0.325581395,0,6.25,0.448979592,0.408163265,1,0.25,0.85,0.85,0.916666667,153,0,0.022,0,2,0,8,0
2004,Denver Nuggets,West,36.5,82.5,0.443,4,12,0.336,32.5,70.5,0.461,20.2,26.3,0.767,13.2,29.1,42.3,21.9,9.1,6.3,15.6,22,97.2,36.8,81.2,0.453,4.6,12.9,0.356,32.2,68.4,0.471,17.9,24.6,0.728,12.9,30.1,42.9,23.5,8.1,5.8,17.1,23.1,96.1,25.6,43,39,44,38,1.07,0.58,1.65,103.9,102.7,1.2,93.3,0.319,0.146,0.517,0.467,14.2,30.5,0.245,0.481,15.6,69.3,0.221,11,0.524390244,0.707317073,0.341463415,0.25,0.547619048,0.458333333,0.0625,6.25,0.571428571,0.48,1,0,0,0,0.4,125,0,0,0,0,0,8,0
2004,Atlanta Hawks,East,34.5,79.6,0.433,5.1,15.2,0.335,29.4,64.4,0.456,18.7,24.1,0.776,12.1,30.6,42.7,20.1,7.6,5,16.5,22.3,92.8,36.2,82.2,0.44,5.9,16.4,0.358,30.3,65.8,0.461,19.2,25.3,0.76,12.8,30.3,43.1,22,8.9,5.1,14,20.7,97.5,26.2,28,54,28,54,-4.65,-0.36,-5,101,106.1,-5.1,90.8,0.303,0.191,0.514,0.465,15.4,28.6,0.235,0.476,13.1,70.5,0.234,25,0.341463415,0.43902439,0.243902439,0.181818182,0.315789474,0.318181818,0,0,0.3125,0.387755102,0,0,0,0.266666667,1.133333333,0,0,0,0,0,0,12,0
2004,Detroit Pistons,East,33.5,77,0.435,4.1,11.8,0.344,29.4,65.2,0.452,19,25.3,0.753,12.4,30.4,42.8,20.8,8,7,15.1,20.3,90.1,32.1,77.8,0.413,4.3,14.4,0.302,27.8,63.4,0.438,15.7,21.1,0.744,12,28.7,40.6,19,7.9,5,16,22.9,84.3,27.4,54,28,59,23,5.84,-0.81,5.04,102,95.4,6.6,87.9,0.328,0.153,0.511,0.461,14.7,30.1,0.247,0.441,15.5,71.8,0.202,6,0.658536585,0.756097561,0.56097561,0.333333333,0.882352941,0.55,1,100,0.666666667,0.7,1,0.5,0.766666667,0.9,1.033333333,334,1,0.048,1.924,2,2,2,1
2004,Memphis Grizzlies,West,36.1,81.2,0.445,5.5,16,0.34,30.7,65.2,0.471,19,26.1,0.727,12.8,29,41.8,23.4,9.7,6.9,15,23.2,96.7,34.9,79.9,0.436,4.5,13.3,0.338,30.4,66.6,0.456,20,26.2,0.764,13.4,30.6,44,20.4,8.2,5.6,17,23.1,94.3,26,50,32,48,34,2.44,0.52,2.95,104.8,102.2,2.6,91.4,0.322,0.197,0.522,0.479,13.9,29.5,0.234,0.465,15.7,68.4,0.251,8,0.609756098,0.756097561,0.463414634,0.625,0.72,0.5,0,6.25,0.543478261,0.7,1,0,0,0,0,74,0,0,0.051,0,0,6,0
2004,San Antonio Spurs,West,34.7,78.5,0.442,5,13.9,0.358,29.7,64.6,0.46,17.2,25.2,0.681,12.5,32.5,45.1,20.4,8.1,6.5,14.7,20.3,91.5,31.9,77.9,0.409,3.8,11.6,0.327,28.1,66.3,0.423,16.7,22.5,0.744,11.1,30,41.1,17.3,7.7,4.6,15.3,22.4,84.3,27.3,57,25,62,20,7.22,0.29,7.51,102.2,94.1,8.1,89.2,0.322,0.177,0.511,0.473,14.1,29.5,0.219,0.433,14.8,74.6,0.215,3,0.695121951,0.804878049,0.585365854,0.428571429,0.88372093,0.625,0.375,12.5,0.632653061,0.7,1,1,1.733333333,3.066666667,4.066666667,629,13,3.095,0.369,7,9,2,1
2004,Philadelphia 76ers,East,32.7,76.3,0.428,4.1,12.1,0.342,28.6,64.2,0.445,18.4,24.5,0.753,11.5,29.4,40.8,20,8,4.4,15.9,20.7,88,33.5,77.7,0.432,5.4,16.2,0.333,28.1,61.5,0.458,18,24.2,0.744,12.1,29.2,41.4,21.3,8.3,5.6,15.2,21.4,90.5,27.5,33,49,33,49,-2.49,-0.46,-2.95,99.1,101.9,-2.8,88,0.321,0.158,0.505,0.456,15.5,28.2,0.242,0.467,14.7,70.7,0.231,22,0.402439024,0.512195122,0.292682927,0.5,0.361111111,0.348837209,0,0,0.425531915,0.38,0,0.375,1.308333333,1.841666667,1.841666667,0,0,0,0,0,0,10,0
2004,Sacramento Kings,West,37.8,81.8,0.462,7.3,18.3,0.401,30.5,63.6,0.48,19.8,24.9,0.795,10.8,30.4,41.2,26.2,8.7,4,13.9,19.3,102.8,38.3,84.4,0.454,5,14.7,0.339,33.3,69.7,0.478,16.3,21.7,0.749,13.2,30.7,43.9,21.3,7.9,5,14.9,22.2,97.8,29.3,55,27,55,27,5.01,0.4,5.41,110.3,104.9,5.4,92.8,0.305,0.223,0.554,0.507,13,26,0.242,0.483,13.7,69.8,0.193,5,0.670731707,0.829268293,0.512195122,0.555555556,0.763157895,0.583333333,0.4375,12.5,0.733333333,0.641509434,1,0.4375,1.304166667,1.570833333,1.6375,352,0,0.589,0.218,5,3,4,0
2004,Cleveland Cavaliers,East,35.6,82.4,0.433,3,9.6,0.314,32.6,72.8,0.448,18.6,24.8,0.753,13.6,31.9,45.6,22,7.1,6.5,14.8,21.3,92.9,36,82.4,0.437,5.3,14.2,0.371,30.8,68.3,0.451,18.2,24.3,0.749,11.8,30.2,42,21.7,7.7,5.3,13.1,20.2,95.5,24.9,35,47,33,49,-2.62,-0.44,-3.07,101.4,104.2,-2.8,90.8,0.301,0.116,0.498,0.451,13.7,31.1,0.226,0.469,12.3,73,0.221,21,0.426829268,0.56097561,0.292682927,0.666666667,0.305555556,0.325581395,0,0,0.369565217,0.5,0,0,0,0.066666667,0.133333333,0,0,0,0,0,0,9,0
2004,Washington Wizards,East,33.6,80,0.421,5.3,15.5,0.341,28.4,64.5,0.44,19.3,27,0.714,13.6,29.2,42.8,18.7,8.9,5,17.5,20.9,91.8,37.3,82.2,0.454,5.2,15.1,0.342,32.2,67.1,0.479,17.6,22.9,0.771,12.8,30.7,43.5,24,9.6,5.5,16.1,21.7,97.4,24.4,25,57,25,57,-5.63,-0.48,-6.12,98.8,104.8,-6,92.2,0.337,0.194,0.5,0.454,16,30.7,0.241,0.486,14.9,69.5,0.214,27,0.304878049,0.414634146,0.195121951,0.428571429,0.276595745,0.166666667,0,0,0.311111111,0.320754717,0,0,0,0,0,0,0,0,0,0,0,13,0
2004,Houston Rockets,West,33.4,75.5,0.442,6.3,17.1,0.366,27.1,58.4,0.464,16.7,21.6,0.773,10.3,32.3,42.6,19.3,6.8,5.4,16.7,21.5,89.8,32.1,78.1,0.412,5.6,15,0.372,26.6,63.1,0.421,18.2,24.7,0.737,11.1,28.7,39.7,20.6,8.7,4.4,13.5,20.7,88,28.3,45,37,47,35,1.73,0.55,2.28,100.9,99,1.9,87.8,0.286,0.227,0.528,0.484,16.4,26.5,0.221,0.447,13.1,74.5,0.233,10,0.548780488,0.658536585,0.43902439,0.571428571,0.617647059,0.4375,0.0625,6.25,0.565217391,0.549019608,1,0,0,0.2,3,205,0,0.004,0,0,0,7,0
2004,Utah Jazz,West,32.8,75.3,0.436,3.1,9.6,0.321,29.7,65.7,0.453,20,26.8,0.746,13.5,27.7,41.2,20.4,7.1,6,16.6,25.6,88.7,31,71.7,0.432,5.1,14.7,0.343,25.9,57,0.455,22.9,29.6,0.771,10.6,26,36.6,18.6,8.1,6.5,15.4,24.4,89.9,24.9,42,40,37,45,-1.22,0.69,-0.53,101.9,103.3,-1.4,86.6,0.356,0.127,0.509,0.456,16.1,34.1,0.266,0.468,15.4,72.4,0.319,13,0.512195122,0.682926829,0.341463415,0.857142857,0.405405405,0.395833333,0,0,0.510638298,0.490196078,0,0.0625,0.2625,1.729166667,3.929166667,0,0,0,0,0,0,9,0
2004,New York Knicks,East,35.1,79.4,0.442,5,13.6,0.364,30.2,65.8,0.459,16.8,21.1,0.793,11.6,31,42.6,20.7,7.4,4.8,15.7,23.1,92,34,79.2,0.429,5.1,15,0.338,28.9,64.2,0.45,20.5,26.8,0.763,11.6,29.8,41.4,20.4,8.2,4.7,13.8,19.5,93.5,29.6,39,43,36,46,-1.48,-0.49,-1.97,101.7,103.3,-1.6,89.5,0.266,0.171,0.518,0.474,15.1,28,0.211,0.461,13.2,72.8,0.259,17,0.475609756,0.56097561,0.390243902,0.5,0.421052632,0.348837209,0,6.25,0.448979592,0.510204082,1,0,0.133333333,1.8,3.8,298,0,0.366,2.146,10,6,7,0
2003,Los Angeles Clippers,West,34.6,79.1,0.437,4.8,14.4,0.331,29.8,64.8,0.46,19.9,26.5,0.75,12.3,30,42.3,19.6,7,5.6,15.7,21.8,93.8,37,82.8,0.447,5.5,15.2,0.365,31.5,67.6,0.466,18.4,23.7,0.774,12.8,30,42.8,22.4,8,5.1,14,22.5,97.9,25.3,27,55,29,53,-4.12,0.68,-3.45,102.3,106.8,-4.5,91.3,0.335,0.182,0.516,0.467,14.8,29.1,0.252,0.481,13.1,70.2,0.222,25,0.329268293,0.390243902,0.268292683,0.5625,0.272727273,0.25,0,0,0.369565217,0.294117647,0,0,0,0,0.133333333,0,0,0,0,0,0,13,0
2003,Miami Heat,East,32.8,79.5,0.412,4.2,13.4,0.316,28.5,66.1,0.432,15.8,20.6,0.765,11.6,30,41.6,18.3,7.2,4,14.2,22.6,85.6,33.1,75.7,0.437,5,14,0.353,28.1,61.7,0.456,19.5,26,0.751,10.6,31.5,42.2,18.1,7.6,5.3,14.3,20.4,90.6,26.5,25,57,25,57,-5.05,-0.08,-5.13,96.7,102.4,-5.7,87.8,0.259,0.169,0.483,0.439,13.8,26.8,0.198,0.47,14.1,73.9,0.257,26,0.304878049,0.390243902,0.219512195,0.4,0.307692308,0.2,0,0,0.347826087,0.269230769,0,0,0.4,1.2,1.333333333,0,0,0,0,0,0,13,0
2003,Toronto Raptors,East,34.7,81.3,0.427,5,14.5,0.343,29.7,66.7,0.446,16.5,22.9,0.718,12.5,28.7,41.2,19.3,7.4,4.8,14.4,21.5,90.9,37,80.4,0.461,4.5,12,0.375,32.5,68.4,0.476,18.2,24,0.759,11.9,31.7,43.6,21.1,7.4,5,13.7,20.8,96.8,27.6,24,58,24,58,-5.87,-0.23,-6.1,100.5,107,-6.5,89.9,0.282,0.179,0.497,0.458,13.6,28.2,0.203,0.489,13.1,70.7,0.226,27,0.292682927,0.365853659,0.219512195,0.5,0.166666667,0.229166667,0,0,0.260869565,0.31372549,0,0.133333333,0.533333333,0.533333333,0.533333333,0,0,0,0,0,0,14,0
2003,Washington Wizards,East,34.3,78,0.44,3.1,9.9,0.312,31.3,68.1,0.459,19.7,25.3,0.779,11.2,29.2,40.4,19.7,7.6,4.8,13.4,20,91.5,35.1,79.4,0.442,5.5,15.1,0.362,29.6,64.2,0.461,16.9,21.9,0.771,11.6,29.8,41.4,21.7,7.5,4.4,14.3,22,92.5,28.4,37,45,38,44,-1.01,-0.46,-1.47,103,104.1,-1.1,88.2,0.325,0.127,0.513,0.46,13,27.3,0.253,0.477,13.8,71.6,0.212,21,0.451219512,0.56097561,0.341463415,0.625,0.379310345,0.354166667,0,0,0.468085106,0.450980392,0,0,0,0,0,0,0,0,0,0,0,10,0
2003,Boston Celtics,East,32.9,79.4,0.415,8.8,26.3,0.334,24.2,53.1,0.455,18,24.3,0.742,10.4,30.1,40.5,19.2,8.8,3.7,14,21.4,92.7,34.2,78.7,0.435,5.6,17.1,0.331,28.5,61.6,0.464,19,25.4,0.749,11.4,33.5,45,22.2,7.5,4.5,16,21.9,93.1,26.9,44,38,40,42,-0.39,-0.36,-0.75,101.2,101.6,-0.4,90.9,0.306,0.331,0.514,0.47,13.4,23.6,0.227,0.471,15.1,72.5,0.242,13,0.536585366,0.609756098,0.463414634,0.461538462,0.486486486,0.413043478,0.25,12.5,0.565217391,0.490196078,1,0.6,0.6,0.6,0.733333333,232,0,0.026,0,1,0,6,0
2003,Minnesota Timberwolves,West,38.7,83,0.466,3.6,9.8,0.368,35.1,73.2,0.479,17.1,22.3,0.77,11.7,31.9,43.6,25.2,6.7,5.3,13.7,20.8,98.1,36.6,83.8,0.437,5.8,16.6,0.347,30.9,67.2,0.46,17,22.6,0.752,11.9,29.8,41.7,22.8,7,4.9,13.6,20.6,96,28.2,51,31,47,35,2.07,0.39,2.46,106.1,103.8,2.3,91.9,0.268,0.118,0.528,0.488,12.9,28.2,0.206,0.472,12.7,72.9,0.203,4,0.62195122,0.804878049,0.43902439,0.625,0.583333333,0.479166667,0.125,6.25,0.574468085,0.666666667,1,0,0.133333333,0.333333333,0.333333333,177,0,0.481,0.279,5,3,4,0
2003,Cleveland Cavaliers,East,34.8,82.3,0.422,3.6,10.9,0.327,31.2,71.3,0.437,18.3,24.5,0.747,13.6,31,44.6,20.9,7.8,6.4,18.3,22.7,91.4,37.5,82.8,0.453,5.2,14.6,0.358,32.2,68.2,0.473,20.9,27.1,0.772,11.4,30.4,41.7,24,9.8,6,14.2,20.8,101,23.5,17,65,16,66,-9.62,0.04,-9.59,96.5,106.7,-10.2,94,0.298,0.133,0.491,0.444,16.4,31,0.223,0.484,13,73.2,0.252,28,0.207317073,0.341463415,0.073170732,0.545454545,0.136363636,0.12,0,0,0.191489362,0.224489796,0,0,0,0.066666667,0.333333333,0,0,0,0,0,0,15,0
2003,New York Knicks,East,36.2,82,0.441,7.4,19.3,0.383,28.8,62.7,0.459,16.1,19.8,0.815,10.3,29,39.2,22,7.1,3.1,14,23,95.9,36.1,79,0.457,4.4,12.8,0.34,31.7,66.2,0.48,20.6,26.7,0.771,11.4,31.9,43.3,21.1,7.6,3.8,14.4,19.9,97.2,30.2,37,45,37,45,-1.35,-0.26,-1.61,104.7,106.2,-1.5,90.7,0.241,0.235,0.528,0.486,13.4,24.4,0.196,0.485,13.7,71.8,0.261,20,0.451219512,0.585365854,0.317073171,0.45,0.363636364,0.38,0,0,0.444444444,0.490909091,0,0,0.733333333,2.2,4.4,0,0,0,0,0,0,9,0
2003,Memphis Grizzlies,West,37.2,82.2,0.452,5.7,15.6,0.365,31.5,66.6,0.473,17.4,23.6,0.739,11.5,30.1,41.6,23.1,7.9,6.1,15.4,20.5,97.5,39.3,85.5,0.46,5.3,14.5,0.363,34.1,71,0.48,16.8,22.2,0.759,13.7,31.2,44.9,24.3,8.7,5.2,14.8,21.7,100.7,24.9,28,54,32,50,-3.23,0.63,-2.6,103.9,107.3,-3.4,92.7,0.287,0.19,0.526,0.487,14.2,27,0.212,0.491,13.4,68.7,0.197,24,0.341463415,0.487804878,0.195121951,0.416666667,0.378378378,0.230769231,0,0,0.288888889,0.37254902,0,0,0,0,0,0,0,0,0,0,0,12,0
2003,Dallas Mavericks,West,38.5,85.1,0.453,7.8,20.3,0.381,30.8,64.8,0.475,18.1,21.9,0.829,11.1,31,42.1,22.4,8.1,5.5,11.6,21.1,103,35.7,81.5,0.438,5.8,17.1,0.34,29.9,64.5,0.463,18,24.8,0.727,12.7,32.7,45.5,21.7,6.7,3.9,16,21.3,95.2,28.1,60,22,62,20,7.78,0.12,7.9,110.7,102.3,8.4,92.5,0.257,0.239,0.543,0.498,10.9,25.4,0.213,0.473,14.8,70.9,0.221,1,0.731707317,0.804878049,0.658536585,0.461538462,0.857142857,0.583333333,0.625,25,0.8,0.673076923,1,0.266666667,0.533333333,0.533333333,0.533333333,196,0,0.032,0,3,0,1,1
2003,Los Angeles Lakers,West,37.7,83.6,0.451,5.9,16.7,0.356,31.8,66.9,0.475,19,26,0.734,13.1,31.1,44.3,23.3,7.8,5.7,14.5,22.9,100.4,36.3,82,0.443,5.7,14.9,0.38,30.6,67.1,0.456,19.8,26,0.76,11.7,30.4,42.1,21.4,7.9,3.8,14.5,23.4,98,28.1,50,32,48,34,2.33,0.38,2.71,107.2,104.7,2.5,92.5,0.311,0.199,0.528,0.486,13.3,30.2,0.228,0.477,13.4,72.7,0.241,6,0.609756098,0.756097561,0.463414634,0.615384615,0.65,0.541666667,0.375,12.5,0.477272727,0.74,1,1,3,3.933333333,4.466666667,748,27,3.403,0.248,13,5,5,0
2003,Philadelphia 76ers,East,36.3,81,0.448,3,9.6,0.311,33.3,71.4,0.466,21.3,27.5,0.775,12.7,29.5,42.2,21.6,10.3,3.5,14.8,22,96.8,35.1,77.6,0.452,5.5,15.6,0.354,29.5,62,0.476,18.9,24.8,0.76,11.1,29.3,40.3,22.1,7.8,6.4,17.1,23,94.5,28.3,48,34,48,34,2.3,-0.55,1.76,105,102.5,2.5,91.4,0.339,0.119,0.52,0.466,13.7,30.3,0.263,0.488,16.2,72.7,0.243,10,0.585365854,0.609756098,0.56097561,0.571428571,0.625,0.444444444,0.375,12.5,0.531914894,0.568627451,1,0.133333333,1.266666667,1.466666667,1.466666667,307,0,1.307,0.008,6,0,4,0
2003,Chicago Bulls,East,36.5,81.9,0.445,4.3,12.2,0.35,32.2,69.7,0.462,17.7,24.6,0.722,12,31,43,21.7,7.4,5.6,16.9,24.7,95,36.5,83.1,0.439,5.3,16.3,0.323,31.2,66.9,0.467,21.9,29.2,0.749,13.6,31.4,45,23.8,9.4,5,14.7,21.9,100.1,25.2,30,52,27,55,-5.13,-0.17,-5.31,100.2,105.6,-5.4,93.5,0.3,0.148,0.512,0.471,15.4,27.7,0.217,0.47,13.3,69.5,0.263,23,0.365853659,0.658536585,0.073170732,0.545454545,0.260869565,0.32,0,0,0.369565217,0.37254902,0,0,0,2,4.733333333,0,0,0,0,0,0,12,0
2003,New Jersey Nets,East,35.4,80.3,0.441,4.2,12.7,0.332,31.2,67.6,0.462,20.3,26.8,0.757,12.1,30.8,42.9,23,8.7,4.6,14.8,21.6,95.4,33.6,78.8,0.427,5.2,14.5,0.359,28.4,64.3,0.442,17.7,23.7,0.749,11.4,30,41.4,19.6,8.5,5.2,16.6,22.9,90.1,27.3,49,33,56,26,5.22,-0.8,4.42,103.8,98.1,5.7,91.6,0.333,0.158,0.518,0.468,13.8,28.7,0.252,0.46,15.7,73.1,0.225,8,0.597560976,0.804878049,0.390243902,0.222222222,0.794871795,0.5,0.875,50,0.695652174,0.52,1,0.733333333,0.733333333,0.733333333,0.933333333,315,0,0.897,2.162,7,10,2,1
2003,Sacramento Kings,West,39.5,85.2,0.464,6,15.7,0.381,33.5,69.5,0.482,16.7,22.3,0.746,11,33.5,44.5,24.8,9,5.6,14.5,20.3,101.7,36.5,86.9,0.42,4.5,14.2,0.32,31.9,72.7,0.439,17.7,23.9,0.741,14,31.9,45.8,21.5,8.3,4.3,15.4,19.9,95.2,28.3,59,23,59,23,6.5,0.18,6.68,105.9,99.1,6.8,95.4,0.262,0.184,0.535,0.499,13.3,25.6,0.196,0.446,13.6,70.6,0.204,3,0.719512195,0.853658537,0.585365854,0.846153846,0.738095238,0.645833333,0.4375,12.5,0.6875,0.72,1,0.666666667,1,1.133333333,1.2,352,0,0.573,0.073,4,2,3,1
2003,Milwaukee Bucks,East,37.1,81.3,0.457,7.1,18.6,0.383,30,62.7,0.478,18.1,23.3,0.776,10.7,28.9,39.5,22.2,7.6,4.2,12.7,22.2,99.5,37.1,81,0.458,5.8,15.6,0.375,31.3,65.4,0.478,19.2,25.8,0.745,12.5,31,43.4,23.1,6.6,4.1,14.4,20.5,99.3,29.3,42,40,42,40,0.23,-0.48,-0.24,108.8,108.6,0.2,90.4,0.287,0.229,0.543,0.5,12.2,25.6,0.222,0.494,13.5,69.9,0.237,16,0.512195122,0.609756098,0.414634146,0.4,0.464285714,0.422222222,0.125,6.25,0.511111111,0.568627451,1,0,0.8,0.8,0.8,432,5,0.831,1.265,10,10,7,0
2003,Seattle SuperSonics,West,35.2,80.5,0.437,5.6,15.7,0.353,29.6,64.7,0.458,16.2,21.7,0.744,11.7,29.1,40.8,21.6,8.3,3.6,13.2,20.9,92.1,35,78.3,0.447,5.8,16.7,0.344,29.3,61.6,0.475,16.5,22.2,0.742,11.4,30,41.5,20.8,6.1,5,14.7,20.4,92.3,26.9,40,42,41,41,-0.12,0.49,0.37,103.7,103.9,-0.2,88,0.27,0.196,0.512,0.472,12.8,28.1,0.201,0.484,14.3,71.8,0.21,18,0.487804878,0.609756098,0.365853659,0.411764706,0.46875,0.365384615,0,0,0.454545455,0.470588235,0,0.133333333,0.266666667,0.933333333,2.666666667,0,0,0,0,0,0,10,0
2003,Golden State Warriors,West,37.3,84.6,0.441,5.2,15.1,0.344,32.1,69.6,0.462,22.6,29,0.778,15.7,31,46.7,20.9,7.2,6.2,15.8,21.8,102.4,39.5,87.5,0.452,5.3,14.4,0.372,34.2,73.1,0.467,19.2,25.4,0.756,14.7,29.1,43.8,23.6,8.7,6,13.7,23.6,103.6,24.4,38,44,38,44,-1.13,0.54,-0.6,108.3,109.5,-1.2,94.2,0.343,0.178,0.526,0.472,13.9,35,0.267,0.482,12.2,67.9,0.22,19,0.463414634,0.585365854,0.341463415,0.333333333,0.40625,0.326923077,0,0,0.444444444,0.5,0,0,0,0,0,0,0,0,0,0,0,11,0
2003,Orlando Magic,East,35.9,82.5,0.436,6.9,19.4,0.357,29,63.1,0.46,19.7,25.4,0.777,11.7,29.2,40.9,20.4,8.5,3.7,14.4,23,98.5,36.7,80.5,0.455,4.9,14.8,0.334,31.7,65.7,0.483,20.1,26.2,0.767,11.8,31.7,43.5,22.4,7.8,5,16.4,22.2,98.4,26.9,42,40,41,41,0.13,-0.53,-0.39,105.2,105,0.2,93.1,0.307,0.235,0.526,0.478,13.3,27,0.239,0.486,15.1,71.1,0.25,17,0.512195122,0.634146341,0.390243902,0.470588235,0.542857143,0.4,0.1875,6.25,0.5,0.489795918,1,0.066666667,0.133333333,0.333333333,1.533333333,150,0,0.454,0.009,5,0,8,0
2003,Indiana Pacers,East,35.5,80.6,0.441,4.6,13.6,0.339,30.9,66.9,0.461,21.2,27.7,0.766,12.2,32,44.2,23.3,8.5,5.4,14.8,22.1,96.8,34.9,81.6,0.428,5,14.6,0.34,29.9,67,0.447,18.6,24.3,0.767,12.3,30,42.2,20.7,7.6,6.3,15.3,23.5,93.3,25.9,48,34,51,31,3.49,-0.7,2.79,104.6,100.8,3.8,91.6,0.344,0.169,0.522,0.469,13.7,29,0.263,0.458,14.3,72.3,0.228,9,0.585365854,0.780487805,0.390243902,0.5625,0.621621622,0.477272727,0.125,6.25,0.70212766,0.490196078,1,0.133333333,1.066666667,2.333333333,3.866666667,285,0,0.339,0,9,0,3,1
2003,San Antonio Spurs,West,35.5,76.8,0.462,5.5,15.5,0.354,30,61.3,0.489,19.4,26.8,0.725,11.5,31.2,42.6,20,7.7,6.5,15.8,20.4,95.8,34.9,81.7,0.427,4.3,12.7,0.339,30.6,69,0.443,16.3,21.2,0.768,12.5,28.3,40.9,19,8.1,5.1,15,23.4,90.4,28.4,60,22,57,25,5.41,0.23,5.65,105.6,99.7,5.9,90,0.348,0.202,0.541,0.497,15.1,28.8,0.253,0.453,14.2,71.3,0.199,2,0.731707317,0.804878049,0.658536585,0.705882353,0.8125,0.729166667,1,100,0.652173913,0.82,1,0.266666667,0.8,2.066666667,3.4,552,7,5.412,1.512,16,15,2,1
2003,Phoenix Suns,West,36.6,82.6,0.443,4.8,14,0.343,31.8,68.6,0.464,17.4,23.5,0.742,12.8,29.8,42.5,21,8.1,4.9,14.7,22,95.5,35.5,81.2,0.438,5.3,16.6,0.32,30.2,64.6,0.468,18,23.6,0.766,12.6,30.3,42.9,22.2,7.8,5.5,16,21.5,94.4,25.2,44,38,44,38,1.13,0.43,1.57,103.7,102.5,1.2,91.5,0.285,0.17,0.514,0.473,13.7,29.7,0.211,0.47,14.8,70.3,0.222,14,0.536585366,0.731707317,0.341463415,0.466666667,0.5,0.520833333,0.125,6.25,0.5625,0.490196078,1,0,0.333333333,0.533333333,2.266666667,181,3,0.343,0.059,4,0,8,0
2003,Portland Trail Blazers,West,36.4,79.2,0.46,4.6,14,0.33,31.8,65.1,0.488,17.7,23.7,0.745,12.1,29,41.1,22.7,8.8,3.9,15.2,19.9,95.2,35.9,79.8,0.45,5.3,15.7,0.341,30.5,64.1,0.476,15.5,20.2,0.764,11.1,28,39.1,22.7,8.3,4.8,15.5,20.4,92.5,29.2,50,32,49,33,2.61,0.36,2.97,105.5,102.6,2.9,89.4,0.3,0.177,0.531,0.489,14.5,30.2,0.223,0.483,14.9,72.3,0.194,7,0.609756098,0.658536585,0.56097561,0.533333333,0.675675676,0.458333333,0.1875,6.25,0.644444444,0.615384615,1,0,0.666666667,1.266666667,1.533333333,518,7,0.719,0.503,7,9,6,0
2003,Utah Jazz,West,35.3,75.5,0.468,2.7,7.8,0.349,32.6,67.7,0.481,21.3,28.6,0.745,12.5,29,41.5,25.6,8.6,5.7,16.8,22.4,94.7,33.5,77.4,0.434,5.3,15.3,0.349,28.2,62.1,0.454,19.8,26.1,0.759,12.3,25.9,38.2,19.5,8.8,5.2,15.9,23.8,92.3,30.9,47,35,48,34,2.39,0.37,2.76,105.5,102.8,2.7,89.3,0.38,0.104,0.537,0.486,16,32.5,0.283,0.468,15.2,70.2,0.256,12,0.573170732,0.707317073,0.43902439,0.428571429,0.622222222,0.5,0.0625,6.25,0.608695652,0.576923077,1,0.066666667,0.466666667,2.533333333,4,582,0,4.464,0.033,25,9,7,0
2003,New Orleans Hornets,East,35.5,81.6,0.435,4.9,13.1,0.376,30.6,68.5,0.447,17.9,23.3,0.768,13.4,30.2,43.6,22,8,4.8,14.8,21.6,93.9,34.8,79.5,0.438,4.1,12.2,0.338,30.7,67.3,0.457,18,23.5,0.766,11.1,28.9,40,19.9,7.9,5.2,14.6,21.4,91.8,29.1,47,35,47,35,2.11,-0.59,1.52,103.9,101.6,2.3,89.4,0.285,0.161,0.511,0.465,13.9,31.7,0.219,0.464,14,73.1,0.226,11,0.573170732,0.707317073,0.43902439,0.5,0.633333333,0.422222222,0.125,6.25,0.510638298,0.591836735,1,0,0,0,0,365,0,0,0,0,3,5,0
2003,Detroit Pistons,East,32.9,76.5,0.43,6.5,18.1,0.358,26.4,58.4,0.452,19,24.6,0.771,10.8,29.8,40.6,19.8,6.8,5.7,13.5,21.3,91.4,33.5,76.5,0.438,3.5,10.2,0.344,29.9,66.2,0.452,17.2,23.1,0.746,10.5,30.8,41.3,18.3,6.9,4.3,14,23.2,87.7,29,50,32,52,30,3.68,-0.71,2.97,104.1,99.9,4.2,86.8,0.322,0.237,0.523,0.473,13.3,25.9,0.248,0.461,13.9,74,0.225,5,0.609756098,0.731707317,0.487804878,0.526315789,0.710526316,0.477272727,0.5,25,0.666666667,0.576923077,1,0.266666667,0.266666667,0.533333333,0.533333333,256,0,0.02,1.04,1,3,1,1
2003,Atlanta Hawks,East,34.9,78.5,0.444,4.9,13.9,0.352,30,64.5,0.464,19.4,24.5,0.793,11.4,31.2,42.6,20.5,7.5,5.8,16.7,21.7,94.1,36.8,84.2,0.437,5.4,15.2,0.359,31.3,69.1,0.454,18.7,24.5,0.76,13.1,29.5,42.6,21.6,9,5,13,20.3,97.6,27.2,35,47,31,51,-3.56,-0.31,-3.87,102.3,106.1,-3.8,91,0.313,0.177,0.527,0.476,15.7,27.9,0.248,0.469,12.1,70.4,0.222,22,0.426829268,0.634146341,0.219512195,0.555555556,0.282051282,0.375,0,0,0.382978723,0.442307692,0,0,0,0.533333333,1.133333333,0,0,0,0,0,0,11,0
2003,Denver Nuggets,West,32.8,79.8,0.411,2.8,10,0.278,30,69.8,0.43,15.8,22.6,0.699,13.6,28.8,42.4,21.2,8.7,5.1,18.5,25.1,84.2,32.9,74.2,0.443,5.1,13.8,0.37,27.8,60.4,0.46,21.6,28.5,0.757,10.5,29.8,40.3,21.5,9,6.6,17.1,21.8,92.4,24.1,17,65,17,65,-8.28,0.87,-7.41,92.2,101.3,-9.1,91,0.283,0.126,0.469,0.428,17.1,31.3,0.198,0.477,16.5,73.3,0.29,29,0.207317073,0.317073171,0.097560976,0.333333333,0.195652174,0.134615385,0,0,0.222222222,0.211538462,0,0,0,0,0.4,0,0,0,0,0,0,14,0
2003,Houston Rockets,West,34.6,78.8,0.44,5.4,15.5,0.346,29.3,63.3,0.462,19.1,24.9,0.768,12.5,31.3,43.8,18.4,7.2,6,15.6,19.5,93.8,35.3,81.5,0.433,4.7,13.6,0.347,30.5,67.9,0.45,17.1,22,0.775,11.9,28.7,40.6,20.5,8.1,4.6,13.2,21.9,92.3,25.9,43,39,46,36,1.48,0.42,1.89,104.3,102.6,1.7,88.8,0.316,0.196,0.522,0.474,14.8,30.3,0.243,0.462,12.6,72.4,0.209,15,0.524390244,0.682926829,0.365853659,0.230769231,0.585365854,0.458333333,0,0,0.555555556,0.5,0,0,0,0.8,3.4,0,0,0,0,0,0,9,0
2002,Charlotte Hornets,East,35.3,80.2,0.44,4.2,12.1,0.348,31.1,68.1,0.456,19.1,25.7,0.745,12.9,30.5,43.5,21.5,8,5.6,14,21.3,93.9,34.8,80.4,0.432,5.3,14.1,0.375,29.5,66.3,0.444,18.1,23.6,0.768,11.7,29.3,41,20,7.6,5.1,13.9,20.8,92.9,28.3,44,38,44,38,0.96,-0.4,0.57,104.3,103.3,1,89.7,0.32,0.151,0.513,0.466,13.3,30.6,0.238,0.465,13.3,72.2,0.226,11,0.536585366,0.512195122,0.56097561,0.5,0.515151515,0.382978723,0.266666667,12.5,0.477272727,0.596153846,1,0.4,0.466666667,0.733333333,1.066666667,321,0,0,0,0,3,4,0
2002,Denver Nuggets,West,35.5,83.8,0.424,5.2,15.7,0.329,30.4,68.1,0.446,15.9,21.4,0.744,13.6,28.2,41.8,22.2,7.5,5.6,14.7,22.8,92.2,36.6,79.8,0.459,5.2,14.3,0.361,31.5,65.5,0.481,19.5,26.1,0.747,12.1,30.8,43,24,8.2,6.8,14.3,20.1,98,28.2,27,55,24,58,-5.82,0.63,-5.19,101.4,107.8,-6.4,90.4,0.256,0.187,0.495,0.455,13.6,30.6,0.19,0.492,13.6,69.9,0.245,26,0.329268293,0.487804878,0.170731707,0.578947368,0.230769231,0.24,0,0,0.302325581,0.320754717,0,0,0,0,0.4,0,0,0,0,0,0,12,0
2002,Houston Rockets,West,34.6,80.8,0.428,6,18,0.335,28.5,62.8,0.455,17.1,23.1,0.741,12.5,29.4,41.9,18.1,6.5,5.4,14.1,18,92.3,38.9,83.8,0.464,4.5,12.5,0.36,34.4,71.3,0.482,14.9,19.8,0.752,12.7,30.6,43.3,22.4,7,5.1,12,20.1,97.2,25.9,28,54,27,55,-4.89,0.58,-4.31,103.1,108.6,-5.5,88.2,0.286,0.223,0.507,0.465,13.4,29,0.211,0.491,11.5,69.8,0.178,25,0.341463415,0.43902439,0.243902439,0.4,0.2,0.32,0,0,0.326086957,0.37254902,0,0,0.066666667,1,3.4,0,0,0,0,0,0,11,0
2002,Washington Wizards,East,35.8,81.3,0.441,3.7,9.6,0.388,32.1,71.7,0.448,17.4,22.8,0.765,12.9,29.2,42,20.9,7,4.3,13,21.5,92.8,36,79.7,0.452,5.1,14.5,0.354,30.9,65.2,0.474,17,22.5,0.755,11.7,29,40.7,22.2,7,5,13.4,20.9,94.2,27.5,37,45,37,45,-1.4,-0.17,-1.58,104.8,106.4,-1.6,88.3,0.28,0.118,0.508,0.464,12.5,30.7,0.214,0.484,13,71.4,0.214,19,0.451219512,0.536585366,0.365853659,0.538461538,0.451612903,0.288461538,0,0,0.511627907,0.403846154,0,0,0,0,0,0,0,0,0,0,0,10,0
2002,Cleveland Cavaliers,East,36,80.3,0.448,4.7,12.5,0.377,31.2,67.8,0.461,18.6,24.1,0.772,11.8,30.3,42.1,23.1,7,5.7,14.6,21.4,95.3,37.2,81.4,0.457,5.8,14.6,0.394,31.5,66.8,0.471,18.4,24.6,0.748,11.3,29,40.4,24.3,7.3,5.6,13,20,98.6,26,29,53,31,51,-3.33,-0.19,-3.52,104.6,108.2,-3.6,90.3,0.301,0.156,0.524,0.477,13.8,28.9,0.232,0.493,12.3,72.8,0.226,24,0.353658537,0.487804878,0.219512195,0.2,0.375,0.254901961,0,0,0.311111111,0.326923077,0,0,0,0.066666667,0.933333333,0,0,0,0,0,0,14,0
2002,Philadelphia 76ers,East,34.2,78.5,0.436,2.6,8.7,0.299,31.6,69.8,0.453,20,25.7,0.779,13.3,30.9,44.2,20,8.6,4.4,15.3,20.1,91,33.8,79.3,0.426,5.3,16.1,0.331,28.5,63.1,0.451,16.5,21.9,0.751,12,28.6,40.6,21.6,8,5.6,14.7,22.3,89.4,29,43,39,46,36,1.6,-0.33,1.27,102.1,100.3,1.8,88.9,0.327,0.111,0.507,0.452,14.6,31.7,0.255,0.46,14.2,72.1,0.208,14,0.524390244,0.536585366,0.512195122,0.375,0.59375,0.425531915,0.133333333,6.25,0.511111111,0.596153846,1,0.8,1.333333333,1.333333333,1.333333333,418,0,1.287,2.165,7,7,6,0
2002,Miami Heat,East,34.2,77.8,0.439,3.8,11,0.347,30.4,66.9,0.454,15.1,20.8,0.724,11,31,42,20.3,6.7,5.5,14.8,22.5,87.2,32.5,76.6,0.425,4.6,13.5,0.342,27.9,63,0.442,19.1,25.9,0.736,10.9,30.3,41.2,17.8,7.6,4.3,13.8,20.8,88.7,30.1,36,46,36,46,-1.54,-0.31,-1.84,98.5,100.2,-1.7,87.4,0.268,0.141,0.501,0.463,14.6,26.6,0.194,0.455,13.6,74,0.249,20,0.43902439,0.43902439,0.43902439,0.666666667,0.5,0.38,0,0,0.363636364,0.566037736,0,0,0.533333333,1.2,1.333333333,0,0,0,0,0,0,11,0
2002,Memphis Grizzlies,West,34.8,79.7,0.436,4.1,13.4,0.307,30.7,66.3,0.462,16.3,23,0.708,12,29.4,41.4,21.8,7.9,6,16.4,19.2,89.9,38,83.3,0.457,4.9,13.6,0.358,33.2,69.7,0.476,16.4,21.8,0.753,13.8,31.2,45.1,23.9,9.5,5.6,14.7,21.8,97.3,25.5,23,59,20,62,-7.44,0.7,-6.74,98.2,106.3,-8.1,91.1,0.288,0.168,0.501,0.462,15.4,27.8,0.204,0.486,13.7,68,0.197,27,0.280487805,0.365853659,0.195121951,0.538461538,0.146341463,0.24,0,0,0.288888889,0.269230769,0,0,0,0,0,0,0,0,0,0,0,13,0
2002,New York Knicks,East,34.4,79.5,0.432,5.8,16.4,0.353,28.6,63.1,0.453,17.1,21.8,0.787,10.7,30,40.7,21,6.8,3.5,14.5,22,91.6,35.7,80.1,0.445,5.4,15.3,0.353,30.3,64.8,0.467,18.9,25,0.757,11.7,31,42.7,21.5,8.4,4.7,13.5,20.4,95.6,30.3,30,52,29,53,-3.99,-0.16,-4.15,101.5,105.9,-4.4,89.7,0.274,0.206,0.514,0.468,14,25.6,0.216,0.479,12.9,71.9,0.236,23,0.365853659,0.463414634,0.268292683,0.411764706,0.225806452,0.34,0,0,0.418604651,0.326923077,0,0.133333333,1.533333333,2.466666667,4.8,0,0,0,0,0,0,13,0
2002,Phoenix Suns,West,37.8,84.6,0.447,4.4,13.4,0.327,33.4,71.2,0.469,15.2,19.9,0.767,13.1,29.6,42.7,22.4,8.1,4.9,14.7,21.8,95.1,36.1,81.3,0.444,5.3,14.7,0.358,30.8,66.5,0.463,18.4,24.5,0.751,12.6,30.4,43,22.2,8.4,5.8,15.4,18.5,95.8,26.5,36,46,39,43,-0.68,0.39,-0.3,103.3,104,-0.7,91.4,0.235,0.158,0.51,0.472,13.6,30.1,0.18,0.476,14.4,70.2,0.227,21,0.43902439,0.56097561,0.317073171,0.5625,0.472222222,0.4,0,0,0.488888889,0.352941176,0,0.066666667,0.333333333,0.6,2.533333333,0,0,0,0,0,0,10,0
2002,Detroit Pistons,East,34.7,76.8,0.452,6.9,18.4,0.376,27.8,58.4,0.475,18,23.8,0.756,9.9,28.9,38.7,21.5,7.9,6.9,14.5,20.7,94.3,35.7,79.8,0.447,4.4,12.1,0.362,31.3,67.7,0.462,16.5,21.8,0.755,12.1,30.6,42.7,20,7.9,4.1,15.5,22.9,92.2,29.5,50,32,48,34,2.13,-0.45,1.69,104.8,102.4,2.4,90,0.31,0.24,0.54,0.497,14.3,24.4,0.235,0.474,14.8,70.5,0.206,6,0.609756098,0.634146341,0.585365854,0.529411765,0.575757576,0.510638298,0.266666667,12.5,0.534883721,0.648148148,1,0,0.133333333,0.266666667,0.4,184,0,0.002,0.073,0,1,2,1
2002,Chicago Bulls,East,34.3,79.2,0.433,3.7,10.6,0.346,30.6,68.6,0.447,17.2,23.9,0.722,11.3,28.8,40,22.2,7.7,4.4,15.3,22.4,89.5,36.9,79.4,0.465,5.1,14.4,0.358,31.8,65.1,0.488,19,25.5,0.746,11.5,31.1,42.6,25.2,8.3,4.9,14.4,21,98,25.5,21,61,18,64,-8.54,0.02,-8.52,98.2,107.6,-9.4,90.5,0.302,0.134,0.499,0.456,14.6,26.6,0.218,0.497,13.7,71.4,0.239,28,0.256097561,0.341463415,0.170731707,0.666666667,0.075,0.18,0,0,0.204545455,0.283018868,0,0,0,3,5.733333333,0,0,0,0,0,0,15,0
2002,Boston Celtics,East,34.8,82.1,0.424,8.5,23.7,0.359,26.3,58.4,0.45,18.3,23.9,0.764,10.9,31.3,42.2,21,9.7,3.6,13.6,21.7,96.4,34.1,80.2,0.425,6.3,18.4,0.34,27.8,61.8,0.45,19.7,25.5,0.771,11.6,34.2,45.9,22,7.6,5.8,16.3,21.1,94.1,26.2,49,33,48,34,2.21,-0.46,1.75,103.4,101,2.4,92.5,0.291,0.289,0.52,0.476,12.8,24.1,0.223,0.464,15.1,72.9,0.245,8,0.597560976,0.658536585,0.536585366,0.470588235,0.59375,0.5,0.6,25,0.577777778,0.58490566,1,0,0,0,0.533333333,56,0,0.009,0,0,0,3,1
2002,Toronto Raptors,East,35.6,82,0.434,4.7,13.5,0.349,30.9,68.5,0.451,15.5,20.9,0.739,13.6,28.5,42.1,21.7,8.4,5.5,14.3,21.6,91.4,34.4,77.9,0.441,4.6,13.3,0.346,29.8,64.6,0.461,18.5,24.5,0.752,12.1,29.7,41.8,19.9,7.7,4.8,15.2,19.7,91.8,29.3,42,40,40,42,-0.44,-0.27,-0.71,102.6,103.1,-0.5,88.8,0.255,0.165,0.501,0.463,13.6,31.4,0.189,0.471,14.7,70.1,0.237,16,0.512195122,0.585365854,0.43902439,0.65,0.5,0.416666667,0.133333333,6.25,0.586956522,0.5,1,0.4,0.4,0.4,0.4,391,2,2.61,1.969,12,9,8,0
2002,Atlanta Hawks,East,35.4,80.6,0.439,5.2,14.6,0.354,30.2,66,0.458,18.1,23.7,0.765,11.6,29.8,41.5,20.2,8.1,4.3,15.5,20.8,94,37.4,81.4,0.459,5.8,16.2,0.355,31.6,65.2,0.485,17.8,23.9,0.744,12.2,30.8,43,22.6,8.6,6.2,15.1,20.1,98.3,25.7,33,49,29,53,-4.23,-0.18,-4.41,101.8,106.4,-4.6,91.9,0.294,0.181,0.517,0.471,14.6,27.5,0.225,0.495,14.1,70.9,0.218,22,0.402439024,0.56097561,0.243902439,0.529411765,0.235294118,0.274509804,0,0,0.311111111,0.423076923,0,0,0.2,0.8,1.133333333,0,0,0,0,0,0,12,0
2002,San Antonio Spurs,West,35.5,77.6,0.458,5.3,14.8,0.362,30.2,62.8,0.48,20.3,27.4,0.742,11.1,31.3,42.4,20,7.6,6.5,14.4,19.2,96.7,35.2,82.6,0.426,4.6,13.5,0.338,30.6,69.1,0.443,15.6,20.1,0.777,12.2,29.6,41.9,18.8,7.7,5.2,14.5,23.1,90.5,28.5,58,24,59,23,6.21,0.07,6.28,106.5,99.7,6.8,90,0.353,0.19,0.539,0.492,13.8,27.2,0.262,0.453,13.7,71.9,0.189,3,0.707317073,0.780487805,0.634146341,0.5,0.829268293,0.565217391,0.266666667,12.5,0.659090909,0.685185185,1,0.466666667,1.533333333,2.133333333,3.133333333,510,4,4.68,1.512,14,13,3,1
2002,Indiana Pacers,East,35.8,80.2,0.446,4.9,14.6,0.339,30.9,65.7,0.47,20.3,26.3,0.772,11.3,31.3,42.7,23,8,5.3,15.2,22.9,96.8,36.3,82.9,0.438,5.1,14.6,0.348,31.2,68.3,0.457,18.8,25.1,0.749,12.8,30.7,43.4,21.6,7.5,5.7,14.3,22.6,96.5,26.1,42,40,42,40,0.27,-0.34,-0.07,104.1,103.8,0.3,91.9,0.328,0.182,0.527,0.477,14.2,27,0.253,0.469,13.2,71,0.227,15,0.512195122,0.609756098,0.414634146,0.5,0.525,0.361702128,0.133333333,6.25,0.510638298,0.489795918,1,0.066666667,1.533333333,2.333333333,3.733333333,207,0,0.003,0,3,0,7,0
2002,Orlando Magic,East,37.6,84.1,0.448,7.6,20.2,0.373,30.1,63.8,0.471,17.6,23.4,0.754,11.5,29.8,41.2,22,8.1,4.7,13.6,20.7,100.5,38,83.3,0.456,5,14.2,0.352,33,69.1,0.478,17.9,24.3,0.737,13.2,32.1,45.4,23.5,8,4.7,15.8,21.2,98.9,28,44,38,46,36,1.57,-0.32,1.25,107,105.3,1.7,93.2,0.278,0.241,0.533,0.493,12.6,26.3,0.21,0.486,14.4,69.2,0.215,12,0.536585366,0.658536585,0.414634146,0.571428571,0.547619048,0.361702128,0.066666667,6.25,0.5,0.58,1,0.066666667,0.133333333,0.733333333,1.466666667,472,8,1.478,0.142,8,6,5,0
2002,Dallas Mavericks,West,39,84.5,0.462,7.6,20.1,0.378,31.5,64.5,0.488,19.6,24.3,0.806,11.2,31.3,42.5,22.1,7.1,4.8,12.1,22.5,105.2,37.7,83.5,0.452,5.5,15.8,0.35,32.2,67.8,0.475,20,26.6,0.751,13,31.7,44.7,22.7,7.2,4.6,14.1,21.8,101,27.6,57,25,53,29,4.26,0.16,4.41,112.2,107.7,4.5,92.8,0.288,0.237,0.553,0.507,11.3,26.1,0.232,0.485,12.9,70.7,0.239,4,0.695121951,0.731707317,0.658536585,0.5,0.738095238,0.630434783,0.266666667,12.5,0.717391304,0.692307692,1,0.266666667,0.266666667,0.266666667,0.266666667,137,0,0.003,0,1,0,4,0
2002,Seattle SuperSonics,West,38.2,81.5,0.469,6,15.8,0.378,32.2,65.7,0.49,15.4,20.4,0.755,11.8,28.5,40.3,23.5,8.5,4.4,13.7,21.1,97.7,36.2,80.5,0.449,5.8,16.8,0.344,30.4,63.8,0.477,16.6,22.5,0.739,13.3,28.4,41.7,22.3,6.9,4.9,15.3,19.8,94.7,26.9,45,37,50,32,3.02,0.22,3.24,108.9,105.6,3.3,89,0.25,0.193,0.54,0.505,13.2,29.4,0.189,0.485,14.5,68.1,0.206,10,0.548780488,0.634146341,0.463414634,0.428571429,0.666666667,0.5,0.133333333,6.25,0.511111111,0.568627451,1,0,0.133333333,1.666666667,2.8,135,0,0.802,1.224,10,8,7,0
2002,Los Angeles Lakers,West,38.4,83.4,0.461,6.2,17.5,0.354,32.2,65.9,0.489,18.2,26.1,0.699,12.5,31.8,44.3,23,7.6,5.8,12.7,22.2,101.3,35,82.6,0.424,4.9,15.4,0.317,30.2,67.3,0.448,19.2,25.3,0.761,12.4,30.8,43.2,20,7.2,4.3,14,23,94.1,27.9,58,24,60,22,7.12,0.03,7.15,109.4,101.7,7.7,92.1,0.313,0.21,0.534,0.498,11.8,28.8,0.218,0.453,13,72,0.233,2,0.707317073,0.829268293,0.585365854,0.583333333,0.76744186,0.695652174,1,100,0.720930233,0.672727273,1,1,2.2,3,3.533333333,636,17,2.782,0.24,16,4,2,1
2002,Milwaukee Bucks,East,37.1,80.2,0.462,7.2,19.3,0.375,29.9,60.9,0.49,16.1,21.5,0.748,10.3,31.2,41.4,22.5,7.3,4.7,14.1,21.8,97.5,36.8,83.5,0.441,6,16.8,0.358,30.8,66.7,0.461,18.2,24,0.757,12.8,29.7,42.5,23,7.3,4.4,12.9,20,97.7,28.9,41,41,40,42,-0.22,-0.4,-0.62,106.9,107.1,-0.2,90.2,0.269,0.241,0.544,0.507,13.6,25.6,0.201,0.477,12,70.9,0.217,17,0.5,0.609756098,0.390243902,0.333333333,0.472222222,0.47826087,0,0,0.613636364,0.425925926,0,0.666666667,0.8,0.8,0.8,0,0,0,0,0,0,9,0
2002,Sacramento Kings,West,39.8,85.4,0.467,5.2,14.1,0.367,34.6,71.3,0.486,19.7,26.3,0.751,12.4,33,45.3,23.9,9,4.6,13.8,19,104.6,38.1,86.7,0.44,4.7,14,0.337,33.4,72.7,0.46,16,21.5,0.744,13,31.9,44.9,22.4,7.7,4.7,15.2,22.3,97,27,61,21,61,21,7.61,0,7.61,109,101.1,7.9,95.6,0.308,0.166,0.539,0.497,12.4,27.9,0.231,0.467,13.6,71.7,0.185,1,0.743902439,0.87804878,0.609756098,0.857142857,0.722222222,0.652173913,0.666666667,25,0.772727273,0.76,1,0.2,0.466666667,0.533333333,0.533333333,232,1,0.542,0.073,3,1,1,1
2002,Utah Jazz,West,35,77.7,0.45,3.4,10.3,0.333,31.6,67.5,0.468,22.6,29.6,0.763,13.5,28.6,42.2,24.4,9.1,6.4,16.5,24,96,33.9,75.8,0.447,5.7,14.8,0.383,28.2,61,0.462,21.7,28.1,0.771,11.3,26.9,38.2,19.3,9.1,6.7,16.7,25.2,95.1,29.9,44,38,44,38,0.89,0.32,1.21,105.6,104.6,1,90.3,0.381,0.132,0.529,0.472,15.4,33.5,0.291,0.484,15.9,71.7,0.286,13,0.536585366,0.609756098,0.463414634,0.461538462,0.6,0.391304348,0.066666667,6.25,0.52173913,0.549019608,1,0.133333333,0.733333333,3.133333333,4.533333333,527,0,4.46,0.033,25,9,8,0
2002,New Jersey Nets,East,37.1,83.1,0.446,4.9,14.6,0.338,32.2,68.6,0.469,17.1,23.3,0.735,12.7,30.7,43.3,24.3,8.7,6,14.5,21.1,96.2,34.9,81.3,0.429,5,14.3,0.348,29.9,67,0.446,17.4,23,0.753,12.2,30.7,42.9,19.1,8.2,5.4,16.1,20.3,92,26.1,52,30,53,29,4.16,-0.49,3.67,104,99.5,4.5,91.8,0.28,0.175,0.515,0.476,13.4,29.2,0.206,0.459,14.9,71.6,0.213,5,0.634146341,0.804878049,0.463414634,0.6,0.65,0.531914894,0.733333333,50,0.681818182,0.622641509,1,0,0,0,0.266666667,67,0,0.182,0.016,3,3,1,1
2002,Los Angeles Clippers,West,36.2,81.3,0.445,5,14,0.356,31.2,67.3,0.464,18.3,24.7,0.739,13.2,30.2,43.4,20.9,6.2,6.6,14.8,19.8,95.7,37.5,83.7,0.448,5,14,0.355,32.5,69.8,0.466,16.2,21.7,0.745,13,29,42,22.7,7.5,5.4,12.9,21.6,96.1,24.4,39,43,40,42,-0.46,0.38,-0.09,105.5,106,-0.5,90.1,0.304,0.172,0.519,0.476,13.8,31.3,0.225,0.477,12.1,69.9,0.194,18,0.475609756,0.609756098,0.341463415,0.333333333,0.463414634,0.3,0,0,0.510638298,0.452830189,0,0,0,0,0.266666667,0,0,0,0,0,0,9,0
2002,Portland Trail Blazers,West,36.6,81.4,0.45,5.7,16.1,0.354,31,65.3,0.474,17.7,23.2,0.763,13.2,29.8,43,23.5,8.6,4.5,14.3,19.7,96.6,36,79.4,0.453,5.7,15.7,0.363,30.3,63.7,0.476,16,21.6,0.741,10.9,28.4,39.2,23.7,7.5,5,14.7,20.1,93.7,29,49,33,50,32,2.99,0.22,3.21,107.4,104,3.4,89.3,0.285,0.198,0.528,0.485,13.5,31.8,0.218,0.489,14.2,73.3,0.202,9,0.597560976,0.731707317,0.463414634,0.357142857,0.540540541,0.565217391,0,6.25,0.545454545,0.679245283,1,0,1.133333333,1.4,2.4,673,10,0.805,0.512,10,9,6,0
2002,Golden State Warriors,West,36.6,85.2,0.429,3.9,12.1,0.322,32.7,73.1,0.447,20.6,28.6,0.722,16.3,30.4,46.7,20.8,7.9,6.4,16.8,23,97.7,39.2,85.3,0.459,4.9,14.2,0.348,34.3,71.1,0.482,19.8,25.9,0.763,13.4,29.9,43.3,24.4,8.6,6.2,14.3,23.8,103.1,24.8,21,61,26,56,-5.4,0.61,-4.8,102.8,108.5,-5.7,94.5,0.335,0.142,0.499,0.452,14.7,35.3,0.242,0.488,12.9,69.4,0.232,29,0.256097561,0.341463415,0.170731707,0.111111111,0.289473684,0.16,0,0,0.325581395,0.173076923,0,0,0,0,0.066666667,0,0,0,0,0,0,14,0
2002,Minnesota Timberwolves,West,38.7,84,0.461,4.8,12.8,0.378,33.9,71.2,0.476,17.1,21.4,0.798,12.9,31.2,44.2,24.3,6.4,5.2,13.4,21.2,99.3,36.1,81.1,0.445,6,16.1,0.372,30.1,65,0.463,17.7,23.9,0.742,11.1,28.4,39.5,22.6,6.6,5,13.4,20.4,96,26.7,50,32,51,31,3.38,0.2,3.58,109,105.3,3.7,90.5,0.255,0.152,0.532,0.49,12.5,31.3,0.203,0.482,12.7,73.7,0.218,7,0.609756098,0.707317073,0.512195122,0.642857143,0.692307692,0.543478261,0,6.25,0.688888889,0.566037736,1,0.066666667,0.2,0.333333333,0.333333333,172,0,0.467,0.245,3,2,5,0
2001,Denver Nuggets,West,36.3,83.9,0.433,6.2,17.6,0.355,30.1,66.3,0.454,17.7,24,0.737,12.7,31.5,44.2,24,6.7,6.6,13.9,22.2,96.6,37.6,84.3,0.446,5.1,14.2,0.356,32.5,70.1,0.464,18.8,25,0.753,12.3,32.2,44.6,24.9,7.2,6.1,13.1,21.4,99,27.9,40,42,34,48,-2.46,0.64,-1.83,103.7,106.3,-2.6,92.6,0.286,0.21,0.511,0.47,12.8,28.3,0.211,0.476,12.1,71.8,0.223,19,0.487804878,0.707317073,0.268292683,0.666666667,0.358974359,0.410714286,0,0,0.565217391,0.470588235,0,0,0,0,0.4,0,0,0,0,0,0,11,0
2001,Washington Wizards,East,34.5,78.7,0.439,3.4,10.3,0.324,31.2,68.4,0.456,20.8,27.4,0.759,12.4,28.9,41.3,20.1,7.7,4.7,17,23.3,93.2,37.8,80.4,0.47,5.3,13.3,0.396,32.5,67.1,0.485,19,25.5,0.747,11.4,29.4,40.7,23.2,8.4,6.2,15,24.1,99.9,27,19,63,23,59,-6.67,-0.08,-6.75,100.6,107.8,-7.2,92.7,0.348,0.131,0.514,0.46,15.7,29.7,0.264,0.503,14.1,71.8,0.236,27,0.231707317,0.292682927,0.170731707,0.3,0.114285714,0.115384615,0,0,0.255319149,0.254901961,0,0,0,0,0,0,0,0,0,0,0,14,0
2001,Atlanta Hawks,East,35.1,81.3,0.431,4.1,11.4,0.357,31,69.9,0.443,16.8,22.1,0.759,12.5,30.4,42.9,19,7.7,4.7,16.7,22.7,91,35.6,80.6,0.442,4.8,13.2,0.367,30.8,67.4,0.457,20.1,26.3,0.765,12.5,30.9,43.5,21.2,8.5,6.3,14.8,20.7,96.2,26.1,25,57,26,56,-5.21,-0.34,-5.55,98.7,104.3,-5.6,91.9,0.272,0.14,0.5,0.456,15.5,28.9,0.206,0.472,13.8,70.8,0.249,25,0.304878049,0.43902439,0.170731707,0.555555556,0.285714286,0.24,0,0,0.363636364,0.288461538,0,0,0.266666667,0.8,1.266666667,0,0,0,0,0,0,13,0
2001,New York Knicks,East,33.6,75.6,0.444,4.8,13.6,0.351,28.8,62,0.465,16.8,21.1,0.796,9.4,30.8,40.2,18.5,6.6,4.2,14.5,22.7,88.7,31.3,75.1,0.417,5.4,15.4,0.352,25.9,59.7,0.434,18,24.6,0.733,10.6,29.5,40.1,19.2,7.3,4.1,14.8,21.4,86.1,29.8,48,34,50,32,2.63,-0.65,1.98,101.2,98.2,3,86.7,0.279,0.18,0.523,0.476,14.6,24.2,0.222,0.453,14.7,74.3,0.24,11,0.585365854,0.731707317,0.43902439,0.705882353,0.631578947,0.531914894,0.133333333,6.25,0.619047619,0.568627451,1,0.6,1.666666667,2.733333333,4.666666667,486,2,0.128,0.009,3,1,4,0
2001,New Jersey Nets,East,33.9,79.9,0.425,4.4,13.2,0.333,29.5,66.7,0.443,19.9,26.2,0.759,11.1,28.5,39.6,19.5,7.9,5,14.7,24.2,92.1,35.8,78.7,0.455,5.2,14.5,0.36,30.6,64.2,0.477,20.3,27.2,0.746,12.2,32,44.2,22.4,7.5,6.4,15.9,22,97.1,27.5,26,56,26,56,-5.05,-0.25,-5.3,100,105.5,-5.5,91.8,0.328,0.165,0.504,0.452,13.9,25.7,0.249,0.488,14.9,70,0.258,24,0.317073171,0.43902439,0.195121951,0.4375,0.255813953,0.254901961,0,0,0.29787234,0.326923077,0,0,0,0,0.266666667,0,0,0,0,0,0,12,0
2001,Golden State Warriors,West,35.8,87.5,0.409,3.4,11.8,0.293,32.4,75.7,0.427,17.4,24.7,0.706,16.4,29.1,45.5,21.8,9,5,15.9,21.1,92.5,38.8,82.2,0.472,5.4,14.1,0.379,33.4,68.1,0.491,18.6,24.5,0.76,12.7,32.8,45.5,24.9,8.8,6,16.4,21.5,101.5,26.6,17,65,17,65,-9.05,0.94,-8.11,97.8,107.4,-9.6,94.1,0.282,0.134,0.47,0.429,13.9,33.3,0.199,0.504,15,69.7,0.227,28,0.207317073,0.268292683,0.146341463,0.545454545,0.130434783,0.160714286,0,0,0.311111111,0.134615385,0,0,0,0,0.333333333,0,0,0,0,0,0,14,0
2001,Portland Trail Blazers,West,36.6,78.3,0.468,4.5,12.9,0.349,32.1,65.4,0.492,17.6,23.2,0.762,11.7,30.3,42,23.9,8.2,5.1,15.3,21.3,95.4,34.4,78.5,0.438,5,13.5,0.368,29.4,65,0.452,17.5,23.5,0.744,11.5,27.3,38.8,21.3,7.9,4,14.8,21.2,91.2,30.1,50,32,53,29,4.2,0.33,4.52,106.5,101.8,4.7,89.1,0.296,0.165,0.539,0.497,14.8,30,0.225,0.47,14.3,72.4,0.223,10,0.609756098,0.682926829,0.536585366,0.5,0.69047619,0.557692308,0,6.25,0.70212766,0.568627451,1,0.666666667,1.2,1.4,3,885,10,0.723,0.503,9,9,7,0
2001,Detroit Pistons,East,35.6,83.9,0.424,4.7,13.6,0.35,30.9,70.3,0.439,19.6,27.2,0.721,13.5,32,45.5,19.9,7.5,5.5,15.9,23.8,95.6,36.3,83.5,0.434,5.2,15,0.348,31.1,68.5,0.453,19.5,26.5,0.736,12.3,32.6,44.9,22.7,8.2,4.8,15.5,25.1,97.3,27.1,32,50,36,46,-1.7,-0.39,-2.08,100,101.8,-1.8,94.7,0.325,0.162,0.498,0.453,14.2,29.3,0.234,0.466,14,72.2,0.233,21,0.390243902,0.43902439,0.341463415,0.4,0.484848485,0.254901961,0,0,0.369565217,0.37254902,0,0,0.133333333,0.266666667,0.866666667,0,0,0,0,0,0,10,0
2001,Utah Jazz,West,36.1,76.7,0.471,4,10.4,0.381,32.1,66.3,0.485,20.9,27.8,0.752,11.5,29.1,40.6,25.7,8.1,5.6,15.8,25.7,97.1,32.5,74.1,0.439,5,14.6,0.343,27.5,59.5,0.462,22.3,29.2,0.765,10.7,26.6,37.3,19.1,8.5,5.5,16.1,24.5,92.4,32,53,29,55,27,4.7,0.31,5,107.6,102.4,5.2,89.8,0.363,0.135,0.546,0.497,15.1,30.2,0.273,0.473,15.6,73.2,0.301,6,0.646341463,0.682926829,0.609756098,0.555555556,0.775,0.519230769,0.133333333,6.25,0.659090909,0.647058824,1,0.266666667,1.466666667,3.133333333,4.666666667,746,0,4.443,0.043,24,10,5,0
2001,Dallas Mavericks,West,37.6,81.9,0.459,6.3,16.5,0.381,31.3,65.4,0.479,18.9,23.8,0.794,10.1,31.4,41.5,21.2,7.5,6,13.9,23.3,100.5,35.8,81.6,0.439,4.6,13.9,0.334,31.2,67.7,0.46,19.9,27.2,0.731,13,32,45,21.7,7.6,4.6,15.5,22.5,96.2,26.6,53,29,53,29,4.28,0.32,4.61,107.1,102.6,4.5,93.2,0.291,0.202,0.544,0.498,13.1,24.1,0.231,0.467,14.2,70.7,0.244,5,0.646341463,0.682926829,0.609756098,0.444444444,0.666666667,0.519230769,0.266666667,12.5,0.608695652,0.66,1,0,0,0,0,200,2,0.002,0,1,0,4,0
2001,Milwaukee Bucks,East,38,82.9,0.458,6.9,18.1,0.379,31.1,64.8,0.48,18,22.9,0.787,11.9,30.5,42.4,22.5,8.2,4.7,13.7,23.5,100.7,35.5,80.8,0.439,5.4,15.2,0.352,30.2,65.6,0.46,20.5,26.7,0.768,12.4,30.4,42.7,23,7.2,4.3,15.5,21.7,96.9,28.2,52,30,52,30,3.88,-0.74,3.14,108.8,104.6,4.2,92.1,0.276,0.218,0.542,0.499,12.8,28.1,0.217,0.473,14.4,71.1,0.253,7,0.634146341,0.756097561,0.512195122,0.3,0.625,0.52173913,0.666666667,25,0.613636364,0.679245283,1,0.133333333,0.133333333,0.133333333,0.133333333,235,6,0.001,0,0,0,2,1
2001,Seattle SuperSonics,West,36.9,81.1,0.456,5.7,14.3,0.399,31.3,66.8,0.468,17.7,24.2,0.732,12.2,29.5,41.7,21.9,8,5,15.3,21.1,97.3,37.5,82.7,0.453,5.7,16.5,0.349,31.8,66.2,0.48,16.5,22.2,0.742,12.8,29.6,42.4,23.9,7.9,6.2,15,22.1,97.3,27.9,44,38,41,41,0.02,0.52,0.55,105.6,105.6,0,91.6,0.299,0.176,0.53,0.491,14.3,29.1,0.219,0.488,13.9,69.8,0.199,16,0.536585366,0.634146341,0.43902439,0.714285714,0.526315789,0.442307692,0,0,0.541666667,0.529411765,0,0.133333333,0.4,1.733333333,2.933333333,0,0,0,0,0,0,10,0
2001,Philadelphia 76ers,East,35.4,79.1,0.447,3.2,9.8,0.326,32.2,69.3,0.464,20.7,27.8,0.745,13.1,31.7,44.8,20.6,8.4,5,15.8,20.4,94.7,35,81.7,0.429,5.2,15.2,0.342,29.8,66.5,0.448,15.2,20.2,0.749,12,28.9,40.9,21.6,8.2,5.6,15.4,23.6,90.4,28.2,56,26,54,28,4.28,-0.65,3.64,103.6,98.9,4.7,90.6,0.351,0.124,0.518,0.468,14.7,31.2,0.262,0.46,14.5,72.5,0.186,3,0.682926829,0.707317073,0.658536585,0.6,0.684210526,0.531914894,0.8,50,0.755555556,0.660377358,1,0.333333333,0.533333333,0.533333333,0.8,232,0,0.383,1.748,3,4,1,1
2001,Boston Celtics,East,33.8,79.1,0.428,7.2,19.9,0.363,26.6,59.2,0.45,19.8,26.7,0.74,10.9,28.9,39.8,20.8,9.4,4.1,15.7,23.8,94.6,35.8,78,0.459,5.2,14.3,0.368,30.5,63.7,0.48,19.9,26.6,0.75,10.8,32.3,43.1,23,7.9,5.4,17.1,23.2,96.8,25.9,36,46,35,47,-2.13,-0.26,-2.4,101.4,103.7,-2.3,92.6,0.338,0.252,0.521,0.473,14.7,25.3,0.25,0.493,16,72.7,0.256,20,0.43902439,0.487804878,0.390243902,0.588235294,0.35483871,0.288461538,0,0,0.422222222,0.461538462,0,0,0,0.066666667,0.866666667,0,0,0,0,0,0,9,0
2001,Chicago Bulls,East,33.2,78.2,0.424,4,11.6,0.346,29.2,66.6,0.438,17.2,23.3,0.739,11.3,27.6,38.9,22.1,8.2,4.6,15.8,23.2,87.6,36.4,77.2,0.472,4.2,11.9,0.356,32.2,65.3,0.493,19.6,26.9,0.73,11.7,31.1,42.8,23.6,7.7,5.2,14.8,21.4,96.7,23.2,15,67,16,66,-9.1,0.01,-9.09,97.2,107.3,-10.1,89.3,0.298,0.148,0.495,0.45,15.1,26.6,0.22,0.499,14.3,70.3,0.254,29,0.182926829,0.243902439,0.12195122,0.428571429,0.075,0.115384615,0,0,0.136363636,0.192307692,0,0,1,3.333333333,6.733333333,0,0,0,0,0,0,15,0
2001,Charlotte Hornets,East,34.1,79.3,0.431,4.1,12,0.346,30,67.3,0.446,19.5,26.2,0.745,12.6,31.8,44.4,23.2,8.1,5.5,14.4,21.4,91.9,33.7,79.3,0.426,4.7,13.2,0.36,29,66.1,0.439,17.6,23.3,0.756,10.9,29.7,40.6,21.3,7.5,4.6,14.7,21.6,89.8,28.2,46,36,48,34,2.1,-0.65,1.45,101.8,99.5,2.3,89.4,0.33,0.151,0.506,0.457,13.7,29.8,0.246,0.456,14.1,74.5,0.222,14,0.56097561,0.682926829,0.43902439,0.466666667,0.676470588,0.434782609,0.4,12.5,0.543478261,0.509803922,1,0.066666667,0.333333333,0.4,0.666666667,354,2,0,0,2,2,6,0
2001,Cleveland Cavaliers,East,35.2,79.7,0.442,2.7,8,0.334,32.6,71.6,0.455,19,24.9,0.765,12.4,29.8,42.1,20.8,7.8,5.3,16.5,23.2,92.2,35.7,80.3,0.445,5.1,14.1,0.365,30.5,66.2,0.462,19.9,25.9,0.768,12.1,29.3,41.3,22.9,8.5,6.6,15,22.1,96.5,26.9,30,52,28,54,-4.24,-0.23,-4.48,100.3,104.9,-4.6,91.2,0.312,0.101,0.509,0.459,15.4,29.7,0.239,0.477,14.1,71.1,0.248,23,0.365853659,0.487804878,0.243902439,0.545454545,0.27027027,0.25,0,0,0.465116279,0.259259259,0,0,0.066666667,0.133333333,0.933333333,0,0,0,0,0,0,11,0
2001,Indiana Pacers,East,34.5,78.4,0.44,4.8,14.1,0.342,29.7,64.3,0.461,18.8,24.5,0.766,11.2,31.6,42.9,21.5,6.9,5.9,15.2,23.5,92.6,34.5,81.5,0.423,4.6,13.7,0.336,29.9,67.8,0.441,19.2,25.3,0.758,12.7,30.4,43.1,20.7,7.2,4.7,13.6,23,92.8,27.7,41,41,40,42,-0.2,-0.57,-0.77,102,102.2,-0.2,89.4,0.312,0.18,0.519,0.471,14.5,27,0.239,0.452,12.8,71.4,0.235,18,0.5,0.634146341,0.365853659,0.5,0.461538462,0.326086957,0.066666667,6.25,0.444444444,0.549019608,1,0.866666667,2.133333333,2.933333333,3.8,582,1,0.004,0.032,3,2,8,0
2001,San Antonio Spurs,West,35.2,76.4,0.461,5.4,13.3,0.407,29.7,63,0.472,20.4,28.5,0.715,11,33.1,44.1,21.7,6.9,7,14,18.9,96.2,34.6,82.6,0.419,4.2,12.7,0.329,30.4,69.8,0.435,15,20.3,0.741,11.8,29.7,41.5,19.7,7.3,5.2,13.5,23.7,88.4,29.5,58,24,63,19,7.76,0.16,7.92,106.6,98,8.6,89.6,0.374,0.175,0.541,0.496,13.6,27.1,0.267,0.444,12.9,73.7,0.182,1,0.707317073,0.804878049,0.609756098,0.3,0.869565217,0.615384615,0.466666667,25,0.651162791,0.75,1,0.066666667,1.333333333,2.266666667,2.733333333,550,10,4.103,1.333,12,11,1,1
2001,Minnesota Timberwolves,West,38.4,83.8,0.458,3.9,11,0.357,34.5,72.8,0.473,16.6,21.2,0.785,12.2,30.1,42.3,25.4,8.3,5.6,13.9,23.2,97.3,36.3,80.3,0.452,4.3,12.1,0.351,32,68.2,0.47,19.1,26.4,0.724,11.8,30.5,42.3,22.4,7.1,4.4,15.2,20.2,96,27.4,47,35,45,37,1.35,0.46,1.81,105.2,103.7,1.5,91.8,0.253,0.131,0.523,0.482,13,28.6,0.199,0.478,14.2,71.9,0.238,12,0.573170732,0.731707317,0.414634146,0.636363636,0.611111111,0.519230769,0.066666667,6.25,0.617021277,0.588235294,1,0.066666667,0.266666667,0.266666667,0.266666667,161,0,0.348,0.034,2,1,8,0
2001,Los Angeles Lakers,West,37.9,81.5,0.465,5.4,15.5,0.344,32.6,66,0.494,19.4,28.5,0.683,13.2,31.5,44.7,23,6.9,6,14.4,22.8,100.6,36.4,83.1,0.438,5,14.2,0.354,31.3,68.9,0.455,19.5,25.8,0.754,12,29.4,41.3,20.2,7.5,4,13.1,24.4,97.2,29.2,56,26,51,31,3.38,0.37,3.74,108.4,104.8,3.6,91.7,0.349,0.191,0.535,0.498,13.3,31.1,0.238,0.468,12.2,72.5,0.234,2,0.682926829,0.756097561,0.609756098,0.666666667,0.648648649,0.596153846,1,100,0.636363636,0.68,1,1,1.666666667,2.333333333,3.333333333,775,16,2.298,0.253,9,6,2,1
2001,Toronto Raptors,East,37.2,85,0.437,5.2,14.2,0.369,31.9,70.8,0.451,18.1,24.2,0.747,13.6,30.8,44.5,24.4,7.3,6.3,13.2,21.3,97.6,36.7,82,0.447,4.6,12.7,0.363,32.1,69.3,0.463,17.4,23,0.754,11.3,30.6,41.9,20.7,6.8,5.4,14.1,21.9,95.4,29.9,47,35,48,34,2.26,-0.57,1.69,105.9,103.4,2.5,90.9,0.285,0.167,0.51,0.468,12.1,30.8,0.213,0.476,13.3,73.2,0.212,13,0.573170732,0.658536585,0.487804878,0.461538462,0.634146341,0.404255319,0.4,12.5,0.52173913,0.615384615,1,0,0,0,0,322,0,0.043,0.03,1,2,5,0
2001,Miami Heat,East,32.9,76.3,0.43,5.8,16.9,0.345,27,59.4,0.455,17.4,22.9,0.759,9.9,29.7,39.6,19.9,7.7,3.7,13.7,21,88.9,32.9,76.4,0.431,4.4,13.3,0.331,28.5,63.1,0.452,16.3,22.2,0.737,11.1,30.8,42,17.3,7.3,5.2,15.5,22.2,86.6,30.9,50,32,48,34,2.29,-0.57,1.73,101.1,98.5,2.6,87.1,0.299,0.221,0.515,0.469,13.7,24.3,0.227,0.46,15.3,72.7,0.214,9,0.609756098,0.707317073,0.512195122,0.5,0.6,0.446808511,0,6.25,0.608695652,0.64,1,0.4,0.666666667,1.2,1.333333333,619,3,1.31,1.419,9,9,3,1
2001,Vancouver Grizzlies,West,35,79.7,0.439,4,11.5,0.343,31,68.2,0.455,17.8,23.1,0.77,10.9,29.6,40.5,23.2,7.1,4.4,15.7,21.1,91.7,38.3,82.8,0.463,4.7,13.1,0.362,33.6,69.7,0.482,16.1,21.9,0.732,12.8,30.9,43.7,23.6,8.7,5.8,14.8,21.6,97.5,26.2,23,59,25,57,-5.73,0.79,-4.94,99.6,105.8,-6.2,91.7,0.289,0.145,0.51,0.464,14.9,26.1,0.223,0.491,13.8,69.8,0.194,26,0.280487805,0.365853659,0.195121951,0.214285714,0.26,0.160714286,0,0,0.266666667,0.288461538,0,0,0,0,0,0,0,0,0,0,0,13,0
2001,Los Angeles Clippers,West,35.3,78.9,0.448,4.4,13,0.339,30.9,65.9,0.469,17.4,25.1,0.693,11.7,31.2,42.9,19.3,6,6.3,15.8,21.6,92.5,36.5,82.9,0.44,4.3,13.1,0.329,32.2,69.8,0.461,18,24.2,0.743,12.7,29.7,42.5,21.8,7.8,5,12.7,21.9,95.3,24.3,31,51,32,50,-2.89,0.66,-2.23,101.3,104.5,-3.2,89.6,0.319,0.164,0.514,0.476,14.9,28.3,0.221,0.466,12,71.1,0.217,22,0.37804878,0.536585366,0.219512195,0.384615385,0.342105263,0.285714286,0,0,0.282608696,0.411764706,0,0,0,0,0.266666667,0,0,0,0,0,0,12,0
2001,Phoenix Suns,West,35.9,82.4,0.436,4,12.9,0.315,31.9,69.5,0.458,18.2,24.1,0.755,11.8,30.8,42.7,23.2,9.5,5.2,15.2,22.7,94,34,78.3,0.435,4,11.4,0.349,30.1,66.9,0.449,19.7,25.9,0.761,11,31.6,42.6,20.1,8.3,5.1,17.5,22.2,91.8,28.6,51,31,48,34,2.21,0.42,2.63,100.3,98,2.3,93.1,0.292,0.156,0.506,0.46,14.1,27.3,0.221,0.46,16.3,73.7,0.252,8,0.62195122,0.756097561,0.487804878,0.636363636,0.580645161,0.596153846,0.066666667,6.25,0.590909091,0.611111111,1,0.266666667,0.333333333,0.933333333,2.533333333,396,3,0.168,0.033,2,3,6,0
2001,Orlando Magic,East,36.7,83.8,0.438,6,16.4,0.364,30.8,67.4,0.456,18,25.2,0.714,13,29.9,42.9,22,8.2,5.9,15.2,25.3,97.5,34.5,79.3,0.435,4.5,12.9,0.346,30,66.3,0.453,23,31.3,0.735,12.9,31.8,44.8,21.9,8.5,5.4,17.2,23.7,96.5,26,43,39,44,38,0.99,-0.6,0.39,103.2,102.1,1.1,93.2,0.301,0.196,0.513,0.474,13.8,29.1,0.215,0.464,15.6,69.8,0.29,17,0.524390244,0.634146341,0.414634146,0.5,0.552631579,0.347826087,0.066666667,6.25,0.477272727,0.557692308,1,0,0.066666667,1.4,1.4,76,0,0.003,0.051,0,0,7,0
2001,Houston Rockets,West,35.9,79.2,0.453,6.1,17.2,0.357,29.7,62,0.48,19.3,25.4,0.758,11.2,30.8,42,19.7,7.2,4.4,14.7,20.2,97.2,36.8,82.1,0.449,4.4,12.4,0.354,32.5,69.7,0.465,16.9,22.7,0.744,12,29.5,41.6,21.2,7.4,4.9,13.3,21.6,94.9,26.7,45,37,48,34,2.29,0.42,2.71,106.7,104.2,2.5,90.4,0.321,0.217,0.538,0.492,14,27.5,0.244,0.475,12.6,71.9,0.206,15,0.548780488,0.585365854,0.512195122,0.285714286,0.641025641,0.461538462,0,0,0.488888889,0.58490566,0,0,0.2,2,3.4,0,0,0,0,0,0,9,0
2001,Sacramento Kings,West,38.2,85,0.449,5.8,16.5,0.354,32.4,68.5,0.472,19.5,25.3,0.771,12,33,45,22.6,9.7,5.3,14.9,19.5,101.7,37.6,87.1,0.432,4.9,13.8,0.355,32.8,73.3,0.447,15.7,21,0.749,13.7,32.2,45.9,22.1,8.1,5.8,16.3,21.5,95.9,27.1,55,27,57,25,5.82,0.25,6.07,105.6,99.6,6,94.4,0.298,0.194,0.529,0.484,13.4,27.2,0.23,0.46,14.5,70.7,0.181,4,0.670731707,0.804878049,0.536585366,0.4,0.777777778,0.576923077,0.2,12.5,0.714285714,0.648148148,1,0.133333333,0.266666667,0.333333333,0.333333333,167,0,0.122,0,2,0,3,1
2000,San Antonio Spurs,West,36,78,0.462,4,10.8,0.374,32,67.2,0.476,20.1,27,0.746,11.3,32.5,43.8,22.2,7.5,6.7,15,20.9,96.2,35.2,82.7,0.425,4.3,12.6,0.343,30.8,70.1,0.44,15.6,21,0.739,12,29.4,41.4,20.3,7.9,5.2,14.4,23.1,90.2,30.9,53,29,58,24,5.94,-0.02,5.92,105,98.6,6.4,90.8,0.346,0.138,0.535,0.488,14.3,27.8,0.258,0.451,13.5,73,0.188,6,0.646341463,0.756097561,0.536585366,0.533333333,0.738095238,0.47826087,0.066666667,6.25,0.636363636,0.62745098,1,1,1.266666667,2.266666667,3.066666667,623,10,3.143,1.291,8,8,5,0
2000,Seattle SuperSonics,West,37.9,84.7,0.447,6.7,19.6,0.339,31.2,65.1,0.48,16.6,23.9,0.695,12.7,30.3,43,22.9,8,4.2,14,21.7,99.1,38.2,84.6,0.451,5.4,15.8,0.34,32.8,68.9,0.477,16.4,21.9,0.748,13.2,31.8,45.1,23.6,7.2,5.3,15.3,22.4,98.1,28.5,45,37,44,38,0.95,0.22,1.17,105.6,104.6,1,93.4,0.282,0.232,0.52,0.487,12.9,28.5,0.196,0.483,14,69.6,0.193,12,0.548780488,0.585365854,0.512195122,0.533333333,0.564102564,0.347826087,0.133333333,6.25,0.622222222,0.519230769,1,0,0.666666667,1.733333333,2.8,355,3,0.653,1.228,8,10,7,0
2000,Vancouver Grizzlies,West,35.3,78.5,0.449,4,11,0.361,31.3,67.6,0.463,19.4,25.1,0.774,12.3,28.3,40.6,20.7,7.4,4.2,16.8,22.9,93.9,38.2,80.6,0.474,4.4,13.2,0.333,33.8,67.4,0.502,18.7,24.3,0.769,11.8,28.5,40.3,23.6,8.8,6.3,15,23.3,99.5,25.3,22,60,25,57,-5.62,0.52,-5.1,102.3,108.5,-6.2,91,0.32,0.139,0.524,0.474,15.8,30.1,0.247,0.502,14.1,70.6,0.231,26,0.268292683,0.292682927,0.243902439,0.333333333,0.23255814,0.12,0,0,0.279069767,0.301886792,0,0,0,0,0,0,0,0,0,0,0,12,0
2000,Milwaukee Bucks,East,38.7,83.3,0.465,4.8,13,0.369,33.9,70.2,0.483,19,24.2,0.786,12.4,28.9,41.3,22.6,8.2,4.6,15,24.6,101.2,37,81,0.457,6.5,16.5,0.391,30.5,64.5,0.473,20.5,27.3,0.752,12.6,28.9,41.5,24.2,7.8,4.1,15.9,22.8,101,28.2,42,40,42,40,0.22,-0.28,-0.06,108.2,107.9,0.3,92.7,0.29,0.157,0.539,0.494,13.8,30,0.228,0.496,14.6,69.6,0.254,16,0.512195122,0.56097561,0.463414634,0.611111111,0.514285714,0.382978723,0.133333333,6.25,0.555555556,0.480769231,1,0,0,0,0.066666667,239,5,0.002,0,0,0,8,0
2000,Detroit Pistons,East,37.1,80.9,0.459,5.4,14.9,0.359,31.8,66,0.481,23.9,30.6,0.781,11.2,30,41.2,20.8,8.1,3.3,15.7,24.5,103.5,38,81.8,0.465,5.6,15,0.371,32.5,66.7,0.486,20.4,27.3,0.746,11.9,30.5,42.4,23.1,8,4.8,17.1,27.1,102,28.3,42,40,45,37,1.44,-0.31,1.13,107.3,105.8,1.5,95.7,0.378,0.184,0.548,0.492,14.3,26.8,0.295,0.499,15.4,71.6,0.249,15,0.512195122,0.658536585,0.365853659,0.5,0.567567568,0.395833333,0,6.25,0.5,0.509433962,1,0.133333333,0.266666667,0.266666667,1.866666667,204,3,0.436,0.008,4,0,7,0
2000,Houston Rockets,West,36.6,81.3,0.45,7.1,19.8,0.358,29.5,61.5,0.48,19.2,26.2,0.733,12.3,31.5,43.8,21.6,7.5,5.3,17.4,20.3,99.5,39.3,86.3,0.456,4.3,12.1,0.354,35.1,74.2,0.473,17.4,22.3,0.779,12.5,29.9,42.4,22.7,9,5.3,13.7,22.4,100.3,26.3,34,48,39,43,-0.87,0.3,-0.57,104.8,105.7,-0.9,94.2,0.322,0.244,0.536,0.494,15.8,29.1,0.236,0.481,12.5,71.6,0.201,21,0.414634146,0.536585366,0.292682927,0.461538462,0.421052632,0.26,0,0,0.386363636,0.461538462,0,0.066666667,0.8,3,3.466666667,0,0,0,0,0,0,11,0
2000,Miami Heat,East,36.3,78.8,0.46,5.4,14.7,0.371,30.8,64.1,0.481,16.4,22.3,0.736,11.2,31.9,43.2,23.5,7.1,6.4,15,23.7,94.4,33.9,80.4,0.422,5,13.8,0.361,29,66.6,0.434,18.4,24.7,0.748,11.9,28.5,40.4,19.3,7.6,4.4,14,21.9,91.3,29.2,52,30,50,32,3.11,-0.36,2.75,104.5,101,3.5,89.7,0.283,0.186,0.533,0.495,14.5,28.2,0.208,0.453,13.3,72.9,0.229,7,0.634146341,0.804878049,0.463414634,0.818181818,0.634146341,0.574468085,0.4,12.5,0.627906977,0.611111111,1,0.133333333,0.8,0.933333333,0.933333333,325,1,1,0.783,6,5,2,1
2000,Los Angeles Clippers,West,35.1,82.4,0.426,5.2,15.5,0.339,29.9,67,0.446,16.6,22.3,0.746,11.6,29,40.6,18,7,6,16.2,22.2,92,40,83.9,0.477,5.1,13.1,0.387,34.9,70.8,0.494,18.4,24.9,0.741,12.7,32.9,45.6,24.1,7.6,4.6,14.3,21.1,103.5,24.2,15,67,13,69,-11.52,0.8,-10.73,97.8,110.1,-12.3,93.9,0.27,0.188,0.499,0.458,14.9,26.1,0.202,0.507,13.1,69.6,0.22,29,0.182926829,0.243902439,0.12195122,0.375,0.06,0.12,0,0,0.255813953,0.113207547,0,0,0,0,0.266666667,0,0,0,0,0,0,14,0
2000,New York Knicks,East,35.3,77.7,0.455,4.3,11.4,0.375,31,66.3,0.468,17.2,22,0.781,9.8,30.7,40.5,19.4,6.3,4.3,14.6,24.2,92.1,33.1,78,0.424,4.9,14.6,0.338,28.1,63.4,0.444,19.6,26.3,0.747,11.3,29.8,41.1,19.6,7.4,4.3,14.2,21.9,90.7,29.5,50,32,46,36,1.46,-0.16,1.3,102.5,100.9,1.6,89.2,0.283,0.147,0.527,0.482,14.4,24.7,0.221,0.455,13.6,73.1,0.251,9,0.609756098,0.804878049,0.414634146,0.642857143,0.606060606,0.583333333,0.6,25,0.619047619,0.615384615,1,0.8,1.466666667,3.066666667,4.333333333,427,0,1.424,0.114,9,3,3,1
2000,Dallas Mavericks,West,39,85.9,0.453,6.3,16.2,0.391,32.6,69.8,0.468,17.2,21.4,0.804,11.4,29.8,41.2,22.1,7.2,5.1,13.7,21.6,101.4,39.3,86,0.457,5.2,15.2,0.345,34.1,70.8,0.481,18.1,24.5,0.74,15.3,33.2,48.4,23.2,7.4,5.1,16.1,22.1,102,26.3,40,42,39,43,-0.57,0.29,-0.29,106.6,107.2,-0.6,94.9,0.248,0.188,0.532,0.49,12.6,25.5,0.2,0.488,14.2,66.1,0.21,18,0.487804878,0.536585366,0.43902439,0.461538462,0.486486486,0.38,0,0,0.395348837,0.596153846,0,0,0,0,0,0,0,0,0,0,0,9,0
2000,Indiana Pacers,East,37.2,81,0.459,7.1,18.1,0.392,30,62.8,0.478,19.9,24.5,0.811,10.3,31.9,42.1,22.6,6.8,5.1,14.1,21.8,101.3,38,85.1,0.446,4,12.3,0.327,34,72.9,0.466,16.8,22.2,0.755,12.7,31,43.7,21.2,7.4,3.9,13.7,23.3,96.7,30.4,56,26,54,28,4.6,-0.45,4.15,108.5,103.6,4.9,93.1,0.302,0.224,0.552,0.503,13.3,24.9,0.245,0.469,12.6,71.5,0.197,3,0.682926829,0.87804878,0.487804878,0.615384615,0.682926829,0.595744681,0.866666667,50,0.651162791,0.679245283,1,0.6,1.266666667,2.733333333,2.933333333,713,1,0.096,0.032,7,2,1,1
2000,Charlotte Hornets,East,35.8,79.7,0.449,4.1,12.2,0.339,31.7,67.5,0.469,22.7,30,0.758,10.8,32.1,42.9,24.7,8.9,5.9,14.7,20.4,98.4,37.2,83.1,0.448,5,13.2,0.378,32.2,69.8,0.461,16.4,22,0.745,11.8,31.1,42.9,23.2,7.4,5.1,15.8,25.3,95.8,28.7,49,33,49,33,2.67,-0.34,2.33,104.3,101.4,2.9,93.9,0.376,0.153,0.53,0.475,13.7,25.7,0.285,0.478,14.6,73.2,0.198,10,0.597560976,0.731707317,0.463414634,0.583333333,0.6,0.458333333,0.066666667,6.25,0.571428571,0.58490566,1,0,0.266666667,0.333333333,0.6,203,0,0.006,0.025,3,3,4,0
2000,New Jersey Nets,East,36.3,83.9,0.433,5.8,16.8,0.347,30.5,67.2,0.454,19.5,24.9,0.784,12.7,28.2,40.9,20.6,8.8,4.8,13.6,23.3,98,38.1,82.2,0.464,4.5,12.4,0.363,33.6,69.9,0.481,18.3,24.5,0.747,13.8,32.4,46.2,22.8,6.9,5.7,16.7,22.8,99,27.3,31,51,38,44,-1.04,-0.15,-1.18,105.1,106.3,-1.2,92.5,0.297,0.2,0.517,0.468,12.6,28.1,0.233,0.491,15.2,67.2,0.223,23,0.37804878,0.536585366,0.219512195,0.3,0.5,0.352941176,0,0,0.386363636,0.365384615,0,0,0,0.066666667,0.266666667,0,0,0,0,0,0,12,0
2000,Toronto Raptors,East,36.3,83.9,0.433,5.2,14.3,0.363,31.2,69.6,0.447,19.3,25.2,0.765,13.4,29.9,43.3,23.7,8.1,6.6,13.9,24.3,97.2,36.6,80.7,0.454,4.2,12.5,0.339,32.4,68.2,0.475,19.9,26,0.764,11.7,31.1,42.8,21.8,6.8,5.3,15.2,22.9,97.3,29.3,45,37,41,41,-0.16,-0.3,-0.46,104.7,104.9,-0.2,92.5,0.3,0.17,0.511,0.464,12.7,30.1,0.23,0.48,14.2,71.8,0.247,13,0.548780488,0.634146341,0.463414634,0.764705882,0.5,0.456521739,0,6.25,0.558139535,0.528301887,1,0,0,0,0,346,0,0.002,0.03,1,2,6,0
2000,Washington Wizards,East,36.7,81.5,0.451,4.1,10.9,0.376,32.6,70.6,0.462,19.1,25.7,0.743,13,29.7,42.7,21.6,7.2,4.7,16.1,26.2,96.6,36.6,79.8,0.459,4.8,12.8,0.371,31.9,67,0.476,21.8,29.3,0.744,11.7,29.5,41.2,21.9,8.4,6.1,14.9,24,99.9,28,29,53,32,50,-3.28,-0.19,-3.47,103.5,107,-3.5,92.7,0.315,0.133,0.521,0.476,14.8,30.6,0.234,0.489,13.9,71.7,0.273,24,0.353658537,0.414634146,0.292682927,0.166666667,0.405405405,0.26,0,0,0.318181818,0.365384615,0,0,0,0,0,0,0,0,0,0,0,13,0
2000,Utah Jazz,West,36.1,77.8,0.464,4,10.4,0.385,32.1,67.4,0.476,20.3,26.2,0.773,11.4,29.6,41,24.9,7.7,5.4,14.9,24.5,96.5,33.9,76.1,0.446,4.7,13.4,0.354,29.2,62.7,0.465,19.5,26.1,0.746,10.8,27.3,38.1,19.8,7.2,5,15.5,24.7,92,31.5,55,27,54,28,4.46,0.05,4.52,107.3,102.3,5,89.6,0.337,0.134,0.54,0.49,14.3,29.5,0.26,0.477,15,73.2,0.256,4,0.670731707,0.756097561,0.585365854,0.466666667,0.775,0.543478261,0.266666667,12.5,0.642857143,0.685185185,1,0.333333333,2.066666667,3.4,4.533333333,702,0,4.184,0.033,23,9,3,1
2000,Phoenix Suns,West,37.7,82.6,0.457,5.6,15.2,0.368,32.1,67.4,0.477,17.9,23.6,0.759,12.5,31.2,43.7,25.6,9.1,5.3,16.7,24.1,98.9,34.5,81.3,0.424,4.9,14,0.352,29.5,67.3,0.439,19.9,26.9,0.739,13.1,30.1,43.1,20.7,8.9,5.2,17.3,21.9,93.7,28.6,53,29,56,26,5.22,0.02,5.24,104.6,99,5.6,94,0.286,0.184,0.532,0.491,15.2,29.3,0.217,0.454,15.7,70.5,0.245,5,0.646341463,0.780487805,0.512195122,0.4375,0.72972973,0.52173913,0.266666667,12.5,0.581395349,0.660377358,1,0,0.2,1.066666667,2.866666667,396,3,0.551,0.008,9,1,4,0
2000,Los Angeles Lakers,West,38.3,83.4,0.459,4.2,12.8,0.329,34.1,70.6,0.482,20.1,28.9,0.696,13.6,33.4,47,23.4,7.5,6.5,13.9,22.5,100.8,34.6,83.2,0.416,4.5,13.9,0.326,30.1,69.3,0.434,18.5,24.9,0.742,12.3,30.9,43.1,19.5,7.6,4.2,14.6,25.6,92.3,29.2,67,15,64,18,8.55,-0.14,8.41,107.3,98.2,9.1,93.3,0.346,0.153,0.525,0.484,12.7,30.6,0.241,0.443,13.4,73.1,0.222,1,0.817073171,0.87804878,0.756097561,0.888888889,0.829268293,0.782608696,1,100,0.772727273,0.807692308,1,0.2,0.933333333,1.333333333,2.6,672,10,1.421,0.009,9,1,1,1
2000,Golden State Warriors,West,36.5,87.1,0.42,4.2,13,0.323,32.3,74,0.437,18.3,26.2,0.697,15.9,29.7,45.6,22.6,8.9,4.3,15.9,24.9,95.5,38.6,82.6,0.467,5.2,14.2,0.367,33.4,68.5,0.488,21.4,28.4,0.754,13.3,32.8,46.1,24.8,8.4,6,16.3,23,103.8,26.9,19,63,20,62,-8.27,0.64,-7.63,99.8,108.4,-8.6,95.4,0.301,0.15,0.484,0.444,13.9,32.6,0.21,0.499,14.6,69.1,0.259,27,0.231707317,0.292682927,0.170731707,0.333333333,0.204081633,0.1,0,0,0.219512195,0.245283019,0,0,0,0,0.333333333,0,0,0,0,0,0,13,0
2000,Denver Nuggets,West,37.3,84.3,0.442,5.7,17,0.336,31.5,67.2,0.469,18.7,25.8,0.724,13.1,31.6,44.7,23.3,6.8,7.5,15.6,23.9,99,38.2,84.8,0.45,4.9,13.7,0.354,33.3,71.1,0.469,19.9,26.5,0.751,12.5,31.8,44.3,24.4,7.5,5.6,14.4,23.6,101.1,25.9,35,47,35,47,-2.12,0.36,-1.76,103.5,105.8,-2.3,94.7,0.306,0.202,0.517,0.476,14,29.2,0.222,0.479,13,71.6,0.235,20,0.426829268,0.609756098,0.243902439,0.555555556,0.307692308,0.42,0,0,0.476190476,0.37037037,0,0,0,0.4,0.4,0,0,0,0,0,0,10,0
2000,Boston Celtics,East,37.2,83.9,0.444,5.1,15.4,0.331,32.2,68.5,0.469,19.8,26.5,0.745,13.5,29.5,43,21.2,9.7,3.5,15.4,27.1,99.3,36.1,76.9,0.47,4.4,12.1,0.361,31.7,64.7,0.49,23.5,31.3,0.753,10.5,30.9,41.4,21.9,7.8,5.8,17,23.5,100.1,25.4,35,47,39,43,-0.76,-0.24,-1,104.8,105.6,-0.8,94.6,0.316,0.183,0.52,0.474,13.8,30.4,0.236,0.498,15.8,73.8,0.306,19,0.426829268,0.634146341,0.219512195,0.235294118,0.486486486,0.3,0,0,0.465116279,0.425925926,0,0,0,0.066666667,1,0,0,0,0,0,0,10,0
2000,Orlando Magic,East,38.6,85.5,0.452,3.6,10.6,0.338,35.1,74.9,0.468,19.2,26.1,0.735,14,31,44.9,20.8,9.1,5.7,17.6,24,100.1,37.5,84.4,0.445,5.3,15.6,0.338,32.3,68.8,0.469,19.1,25.7,0.745,13.3,30.2,43.5,24.3,8.8,5.8,18.1,24.5,99.4,26.3,41,41,43,39,0.68,-0.26,0.43,102.4,101.7,0.7,97.3,0.305,0.124,0.516,0.473,15.4,31.6,0.224,0.476,15.9,69.9,0.226,17,0.5,0.634146341,0.365853659,0.461538462,0.555555556,0.319148936,0,0,0.434782609,0.490566038,0,0.066666667,0.2,1.4,1.4,0,0,0,0,0,0,9,0
2000,Sacramento Kings,West,40,88.9,0.45,6.5,20.2,0.322,33.4,68.7,0.487,18.5,24.6,0.754,12.9,32.1,45,23.8,9.6,4.6,16.2,21.1,105,39.9,88.3,0.452,4.8,13.7,0.353,35,74.6,0.47,17.5,23.3,0.751,13.9,33.7,47.6,23.8,9.2,4.9,17.5,23.7,102,27.5,44,38,49,33,2.91,0.12,3.04,105,102.1,2.9,99.3,0.277,0.227,0.526,0.486,13.9,27.7,0.209,0.479,15.1,69.7,0.198,14,0.536585366,0.731707317,0.341463415,0.333333333,0.636363636,0.413043478,0.133333333,6.25,0.627906977,0.490909091,1,0.133333333,0.133333333,0.2,0.2,245,0,0.043,0,1,0,8,0
2000,Minnesota Timberwolves,West,39.3,84.3,0.467,3,8.7,0.346,36.3,75.5,0.481,16.8,21.6,0.78,12.4,30.1,42.5,26.9,7.6,5.4,13.9,23.3,98.5,35.7,80.2,0.445,4.6,13,0.356,31,67.2,0.462,20,26.6,0.752,11.2,29.8,40.9,21.2,7.2,4.2,15,20.5,96,26.6,50,32,48,34,2.52,0.14,2.67,106.1,103.4,2.7,91.8,0.256,0.104,0.525,0.485,12.9,29.4,0.2,0.474,14,73,0.25,8,0.609756098,0.634146341,0.585365854,0.733333333,0.605263158,0.52173913,0.066666667,6.25,0.595238095,0.672727273,1,0.066666667,0.2,0.2,0.2,160,0,0.011,0.017,1,0,6,0
2000,Portland Trail Blazers,West,36.8,78.4,0.47,5,13.8,0.361,31.9,64.7,0.493,18.8,24.7,0.76,11.8,31.2,43,23.5,7.7,4.8,15.2,22.7,97.5,34.5,80,0.431,4.8,14.6,0.33,29.6,65.4,0.453,17.3,24.2,0.716,11.9,27.1,39,20.8,8,4.3,14.5,22.8,91,29.6,59,23,59,23,6.4,-0.04,6.36,107.9,100.8,7.1,89.9,0.316,0.175,0.546,0.501,14.5,30.3,0.24,0.461,13.8,72.4,0.217,2,0.719512195,0.731707317,0.707317073,0.363636364,0.820512821,0.695652174,0.666666667,25,0.76744186,0.698113208,1,0.466666667,0.6,0.8,3.133333333,567,6,0.722,0.495,8,8,2,1
2000,Cleveland Cavaliers,East,36.3,82.1,0.442,4.2,11.2,0.373,32.1,70.9,0.453,20.2,26.9,0.75,12.3,30.5,42.8,23.7,8.7,4.4,17.4,27.1,97,36.4,82.1,0.443,5.1,15,0.342,31.3,67.2,0.465,22.6,29.1,0.776,12.4,31.5,43.9,23.7,8,6.1,16.9,25.1,100.5,27.2,32,50,31,51,-3.5,-0.14,-3.64,100.4,104,-3.6,95.7,0.327,0.136,0.516,0.468,15.6,28.1,0.245,0.474,15.1,71.2,0.275,22,0.390243902,0.536585366,0.243902439,0.388888889,0.363636364,0.22,0,0,0.409090909,0.377358491,0,0,0.066666667,0.133333333,1.066666667,0,0,0,0,0,0,11,0
2000,Philadelphia 76ers,East,36.5,82.6,0.442,2.5,7.8,0.323,34,74.8,0.454,19.2,27.1,0.708,14,30.1,44.1,22.2,9.6,4.7,15.7,23.6,94.8,35,80.4,0.435,5.1,14.3,0.356,29.9,66.1,0.452,18.4,24.4,0.755,13,30.5,43.5,22.3,7.7,6.5,17.6,24.1,93.4,27.1,49,33,45,37,1.34,-0.32,1.02,101.5,100,1.5,92.7,0.329,0.095,0.501,0.457,14.2,31.4,0.233,0.466,16.2,69.9,0.229,11,0.597560976,0.707317073,0.487804878,0.68,0.5625,0.434782609,0.333333333,12.5,0.545454545,0.64,1,0.2,0.2,0.2,0.733333333,207,3,0.271,0.017,1,1,5,0
2000,Atlanta Hawks,East,36.6,83,0.441,3.1,9.9,0.317,33.4,73.1,0.458,18,24.2,0.743,14,31.3,45.3,18.9,6.1,5.6,15.4,21,94.3,39.2,86.1,0.455,4.5,12.4,0.367,34.6,73.7,0.469,16.8,21.9,0.769,12.8,30.2,43,23,8,4.9,12.2,22.3,99.7,27.6,28,54,26,56,-5.38,-0.04,-5.41,102,107.9,-5.9,91.7,0.292,0.12,0.503,0.46,14.1,31.7,0.217,0.481,11.3,71,0.196,25,0.341463415,0.512195122,0.170731707,0.363636364,0.255813953,0.26,0,0,0.380952381,0.320754717,0,0.2,0.533333333,1.133333333,1.266666667,0,0,0,0,0,0,14,0
2000,Chicago Bulls,East,31.3,75.4,0.415,4.1,12.6,0.329,27.1,62.8,0.432,18.1,25.5,0.709,12.6,28.3,40.9,20.1,7.9,4.7,19,23.3,84.8,35.6,78,0.456,4.4,12.8,0.341,31.2,65.2,0.478,18.7,25.2,0.741,12.2,29.5,41.7,23.2,10.4,5.6,15.2,24,94.2,26,17,65,15,67,-9.4,0.17,-9.23,94.2,104.6,-10.4,89.4,0.338,0.167,0.49,0.443,18,29.9,0.24,0.484,14.5,69.9,0.24,28,0.207317073,0.292682927,0.12195122,0.4,0.073170732,0.117647059,0,0,0.195121951,0.272727273,0,0,2,3.733333333,7.4,0,0,0,0,0,0,15,0
1999,New Jersey Nets,East,33.8,83.2,0.406,4.5,13.6,0.331,29.3,69.6,0.421,19.2,25,0.769,14.3,28.7,43,18.5,9.8,5.5,15,22.7,91.4,35.9,79.4,0.453,4.5,13.1,0.341,31.5,66.3,0.475,18.9,26,0.727,12.5,31.6,44.1,19.4,7.9,6.5,16.3,21.7,95.2,26,16,34,18,32,-3.78,0.58,-3.2,99.5,103.6,-4.1,91.5,0.301,0.163,0.485,0.434,13.7,31.1,0.231,0.481,15.2,69.7,0.238,25,0.32,0.48,0.16,0.333333333,0.36,0.25,0,0,0,0.29787234,0,0,0,0.2,0.266666667,0,0,0,0,0,0,14,0
1999,Vancouver Grizzlies,West,32.9,76.8,0.428,3,9.1,0.327,29.9,67.7,0.442,20.2,28.2,0.717,13,27.2,40.2,19.3,8.4,4,17,22.5,88.9,36.3,78.3,0.463,4.6,13.1,0.351,31.7,65.3,0.485,20.4,28,0.729,13.5,29.1,42.6,23.8,9.8,6.6,15.6,23.3,97.5,25,8,42,11,39,-8.66,-0.28,-8.94,98.4,107.9,-9.5,89,0.367,0.118,0.498,0.447,16,30.9,0.263,0.492,14.7,66.9,0.261,29,0.16,0.28,0.04,0.142857143,0.083333333,0.090909091,0,0,0,0.170212766,0,0,0,0,0,0,0,0,0,0,0,14,0
1999,Cleveland Cavaliers,East,31.2,71.2,0.439,3.6,10.7,0.341,27.6,60.5,0.456,20.3,27.1,0.749,9.4,26.3,35.8,21.9,9,4.1,15.7,24.2,86.4,31.9,73.3,0.436,4.7,13.5,0.35,27.2,59.8,0.455,19.6,26.3,0.743,11.8,28.1,39.9,21.1,7.8,5.6,16.4,24,88.2,26.7,22,28,22,28,-1.72,0.78,-0.94,99.6,101.6,-2,86.4,0.381,0.15,0.52,0.464,15.9,25.1,0.285,0.468,16.2,69,0.267,20,0.44,0.6,0.28,1,0.423076923,0.3125,0,0,0,0.468085106,0,0.066666667,0.066666667,0.333333333,1.2,0,0,0,0,0,0,11,0
1999,Golden State Warriors,West,34.6,83.5,0.415,3.2,11.3,0.287,31.4,72.2,0.435,15.9,23.5,0.676,16.3,31.2,47.5,20.7,8.3,4.4,15.4,25.4,88.3,32.3,77,0.42,3.9,11.5,0.336,28.5,65.5,0.435,22.3,30.6,0.728,13.1,30.1,43.2,20.5,8,6.1,14.7,20.5,90.8,28.1,21,29,20,30,-2.5,-0.13,-2.63,98.4,101.1,-2.7,88.9,0.282,0.135,0.471,0.434,14.1,35.2,0.19,0.445,14,70.4,0.29,21,0.42,0.52,0.32,0.428571429,0.315789474,0.294117647,0,0,0,0.425531915,0,0,0,0,0.6,0,0,0,0,0,0,10,0
1999,Washington Wizards,East,35.4,79.4,0.445,3.6,11.6,0.309,31.8,67.8,0.469,16.9,24,0.705,11.9,28.1,40,21.3,7.9,3.9,14.7,23,91.2,34.1,76.5,0.446,4.4,12.4,0.352,29.7,64.1,0.464,20.9,28.4,0.736,12.3,30.3,42.7,21.6,8,4.2,15.8,21.7,93.4,29.3,18,32,21,29,-2.24,0.49,-1.75,101.2,103.7,-2.5,89.8,0.302,0.146,0.507,0.468,14.1,28.2,0.213,0.474,15.1,69.5,0.273,24,0.36,0.52,0.2,0.333333333,0.416666667,0.290322581,0,0,0,0.361702128,0,0,0,0,0,0,0,0,0,0,0,13,0
1999,Philadelphia 76ers,East,33.1,77.7,0.426,2,7.4,0.264,31.2,70.2,0.444,21.5,29.7,0.722,14.6,28.6,43.1,18.7,10.8,5.4,16.4,23,89.7,32,75.7,0.423,4.8,14.3,0.337,27.2,61.4,0.443,18.8,25.8,0.731,12.4,28,40.4,20,8.7,5.3,17.9,23.7,87.6,26,28,22,29,21,2.06,0.5,2.56,99.9,97.6,2.3,88.6,0.383,0.096,0.494,0.439,15.3,34.2,0.276,0.454,17.1,69.8,0.249,12,0.56,0.68,0.44,0.25,0.619047619,0.516129032,0.2,12.5,0,0.565217391,1,0,0,0,0.533333333,195,1,0.001,0,0,1,7,0
1999,Seattle SuperSonics,West,35.1,79.5,0.442,6.2,18,0.344,28.9,61.5,0.47,18.4,27.1,0.681,13.5,28.4,42,21.7,7.9,4,15.3,20.9,94.9,36.8,80.5,0.457,5.3,15.3,0.345,31.5,65.2,0.483,17.1,23.7,0.722,13,28.9,42,22.2,8,4.5,14.9,23.3,95.9,31.2,25,25,23,27,-1.08,-0.35,-1.43,105,106.2,-1.2,89.6,0.341,0.226,0.519,0.481,14.3,31.9,0.232,0.489,14.1,68.6,0.213,18,0.5,0.68,0.32,0.636363636,0.523809524,0.387096774,0,0,0,0.489361702,0,0.266666667,1.533333333,2.4,3,0,0,0,0,0,0,9,0
1999,Atlanta Hawks,East,30.8,75.2,0.409,3.9,12.9,0.306,26.8,62.3,0.431,20.8,28.4,0.731,13.5,30,43.5,15.6,6.9,5.2,14.9,19.7,86.3,32,77.5,0.413,3.8,12.7,0.3,28.2,64.8,0.435,15.7,21.5,0.729,11.6,27.4,39,17.9,7.6,4.9,13.5,24,83.4,29.6,31,19,31,19,2.9,-0.08,2.82,100.5,97.1,3.4,85.3,0.378,0.171,0.492,0.436,14.5,33.1,0.277,0.437,13.4,72.1,0.202,7,0.62,0.64,0.6,0.625,0.714285714,0.571428571,0.2,12.5,0,0.617021277,1,0.066666667,0.6,0.933333333,1.2,314,0,0.005,1.793,1,8,4,0
1999,New York Knicks,East,32.2,74.1,0.435,4.2,11.8,0.353,28,62.3,0.45,17.8,24.4,0.732,11,30.2,41.2,19.3,7.9,5.2,16.1,22.8,86.4,30.6,75.8,0.403,4.7,13.2,0.353,25.9,62.6,0.414,19.6,26.7,0.733,12.3,28.5,40.8,18.5,8.5,4.3,15.3,20.7,85.4,29,27,23,27,23,1.02,0.43,1.45,98.6,97.5,1.1,86.9,0.329,0.159,0.509,0.463,15.9,27.9,0.241,0.434,14.9,71,0.258,13,0.54,0.76,0.32,0.333333333,0.631578947,0.451612903,0.8,50,0,0.531914894,1,0.266666667,0.933333333,2.866666667,3.866666667,294,0,1.424,0.114,9,3,8,0
1999,Detroit Pistons,East,33.2,74.3,0.447,5,13.6,0.365,28.2,60.7,0.465,19,25.7,0.74,12.1,28.2,40.3,20.2,8.9,4.2,15.8,22.8,90.4,31.7,72.8,0.436,4.7,13.6,0.346,27,59.1,0.456,18.8,26.3,0.715,11,27.5,38.5,20.9,8.5,4.5,15.4,22.3,86.9,27.7,29,21,32,18,3.42,0.55,3.97,104.2,100.3,3.9,86.3,0.345,0.183,0.528,0.48,15.6,30.5,0.256,0.468,15.4,72,0.259,10,0.58,0.68,0.48,0.571428571,0.65,0.451612903,0.133333333,6.25,0,0.574468085,1,0,0.133333333,0.133333333,2.733333333,261,6,0.414,0.083,6,5,5,0
1999,Los Angeles Lakers,West,36.8,78.7,0.468,4.8,13.7,0.352,32,65,0.492,20.5,30.1,0.683,12.4,29.6,42,21.9,7.8,5.7,15.1,24.6,99,35.2,79.8,0.441,4.3,13.1,0.332,30.8,66.8,0.462,21.3,30,0.709,12.6,28.1,40.6,21.2,8.2,3.9,14.3,25.4,96,27.5,31,19,30,20,3.02,-0.35,2.68,107.6,104.3,3.3,91.6,0.382,0.174,0.538,0.498,14.1,30.6,0.261,0.468,13.3,70.2,0.267,9,0.62,0.72,0.52,0.5,0.666666667,0.545454545,0.2,12.5,0,0.595744681,1,0.466666667,0.8,1.266666667,3.133333333,389,2,1.346,0.054,7,2,5,0
1999,Denver Nuggets,West,33.6,79.8,0.421,6,18.4,0.328,27.6,61.3,0.45,20.2,26.5,0.762,12.9,27.8,40.8,19.4,7.5,5.5,14.8,22.9,93.5,37.7,80.3,0.469,4.7,12.8,0.37,33,67.5,0.488,19.9,26.8,0.745,12.4,30,42.4,23.5,7.9,5.5,14,22.1,100.1,24.6,14,36,14,36,-6.6,-0.07,-6.67,103.1,110.4,-7.3,90.5,0.332,0.231,0.511,0.459,13.9,30.1,0.253,0.499,13.2,69.2,0.248,26,0.28,0.48,0.08,1,0.208333333,0.151515152,0,0,0,0.29787234,0,0,0,0.4,0.4,0,0,0,0,0,0,12,0
1999,Houston Rockets,West,35.1,76,0.462,6.7,18.3,0.368,28.4,57.7,0.492,17.3,23.7,0.729,10.7,30.8,41.5,21.2,7.7,5.2,16.2,19.2,94.2,35.9,82.7,0.434,4.6,12.9,0.357,31.3,69.8,0.448,15.6,21.2,0.734,13.3,27.8,41.1,20.7,8.8,4.9,13.1,20.6,91.9,29.6,31,19,29,21,2.32,-0.93,1.39,105.4,102.9,2.5,88.8,0.313,0.241,0.545,0.506,15.8,27.8,0.228,0.461,12.4,69.9,0.188,8,0.62,0.76,0.48,0.6,0.625,0.428571429,0.066666667,6.25,0,0.595744681,1,0.133333333,0.933333333,3.333333333,3.466666667,596,9,5.759,2.448,29,17,4,0
1999,Portland Trail Blazers,West,34.9,79.1,0.442,4.9,13.5,0.364,30,65.6,0.457,20,27,0.743,12.9,31.4,44.3,21.5,8.2,5.8,15.4,22.5,94.8,32.9,78.8,0.417,4.4,13.8,0.318,28.5,65,0.438,18.3,25.3,0.725,12.3,27.8,40.1,19.2,8.2,4.9,15.7,22.8,88.5,27.4,35,15,36,14,6.36,-0.69,5.67,104.8,97.7,7.1,89.2,0.341,0.171,0.521,0.473,14.5,31.8,0.253,0.445,14.9,71.8,0.233,3,0.7,0.88,0.52,0.375,0.791666667,0.612903226,0.466666667,25,0,0.739130435,1,0.066666667,0.266666667,0.4,2.666666667,162,0,0,0,0,0,3,1
1999,Minnesota Timberwolves,West,36.8,86.5,0.425,2.4,8.2,0.298,34.3,78.3,0.438,17,22.9,0.743,15.1,27.8,42.9,24.4,8.5,5.4,12.8,23.7,92.9,33.6,76.5,0.439,4.3,13.1,0.326,29.3,63.4,0.463,21.1,29.4,0.718,11.8,31.3,43.1,22.3,7.3,5.2,16.7,20.3,92.6,27.2,25,25,26,24,0.38,-0.55,-0.17,101.9,101.5,0.4,91,0.264,0.095,0.481,0.439,11.7,32.5,0.196,0.467,15.8,70.2,0.276,17,0.5,0.72,0.28,0.333333333,0.565217391,0.4,0.066666667,6.25,0,0.510638298,1,0.133333333,0.133333333,0.133333333,0.133333333,131,0,0.003,0.009,0,0,8,0
1999,Boston Celtics,East,36.3,83.3,0.436,5.5,15.2,0.36,30.9,68.1,0.453,14.9,21.5,0.692,13.6,29.2,42.8,21.5,9.1,5.1,16.1,23.9,93,34.5,77.9,0.443,3.5,11.2,0.312,31,66.7,0.465,22.4,30.1,0.742,12.8,30.9,43.7,20.4,9.2,5.1,16.8,20,94.9,24.3,19,31,22,28,-1.86,0.11,-1.75,100.4,102.4,-2,91.5,0.259,0.182,0.501,0.469,14.8,30.6,0.179,0.465,15.6,69.4,0.287,22,0.38,0.4,0.36,0.333333333,0.357142857,0.233333333,0,0,0,0.404255319,0,0,0,0.133333333,1,0,0,0,0,0,0,12,0
1999,Indiana Pacers,East,34.6,77.3,0.448,5.9,16,0.368,28.7,61.3,0.469,19.5,24.6,0.796,11.5,29,40.5,20.1,6.3,4.5,13,21.6,94.7,34.1,78.7,0.434,4.1,12.7,0.325,30,66,0.454,18.6,24.5,0.756,12.5,28.5,41,19.1,7.1,4.8,13,22.5,90.9,30.8,33,17,32,18,3.74,0.12,3.86,108.7,104.4,4.3,86.4,0.318,0.207,0.537,0.486,12.8,28.7,0.253,0.46,12.7,69.9,0.236,4,0.66,0.72,0.6,0.466666667,0.75,0.5,0.6,25,0,0.645833333,1,0.666666667,0.8,2.2,2.333333333,645,0,0.095,0.032,7,2,1,1
1999,Charlotte Hornets,East,33.4,74.4,0.449,5.4,14.7,0.365,28.1,59.7,0.47,20.7,27.7,0.747,9.6,29.9,39.5,22.2,8.9,4.9,15.9,22,92.9,34.8,80.1,0.434,4.2,12.7,0.333,30.5,67.3,0.454,19.2,26.1,0.734,13.1,29.8,42.9,21.8,8.9,4.6,15.2,23,93,29,26,24,25,25,-0.1,0.73,0.63,102.3,102.4,-0.1,89.7,0.372,0.198,0.537,0.485,15.5,24.4,0.278,0.461,14.3,69.5,0.24,16,0.52,0.64,0.4,0.8,0.4375,0.419354839,0,0,0,0.510638298,0,0.266666667,0.266666667,0.6,0.6,0,0,0,0,0,0,9,0
1999,Los Angeles Clippers,West,34.2,80.1,0.427,4.3,13.4,0.32,29.9,66.8,0.448,17.7,24.5,0.721,13.3,25.9,39.2,16.4,8.5,4.7,15.9,24.5,90.4,36.6,77.2,0.474,4.4,12.5,0.354,32.2,64.6,0.498,21.6,28.9,0.746,12.8,30.1,42.9,22,8.4,5.8,15.6,20.8,99.2,25,9,41,11,39,-8.82,-0.12,-8.94,100,109.7,-9.7,89.5,0.306,0.167,0.497,0.454,14.9,30.6,0.22,0.503,14.8,66.9,0.279,28,0.18,0.24,0.12,0.166666667,0.111111111,0.181818182,0,0,0,0.195652174,0,0,0,0.133333333,0.266666667,0,0,0,0,0,0,13,0
1999,Miami Heat,East,32.3,71.3,0.453,5.8,16.1,0.359,26.5,55.2,0.481,18.6,25.2,0.735,10.1,30.2,40.3,20.4,6.5,6.1,14.9,20.7,89,31.3,76.1,0.411,4.2,12.1,0.348,27.1,64,0.423,17.2,23.3,0.737,12.4,26.8,39.2,17.1,7.7,3.8,13.5,22,84,30.3,33,17,35,15,4.96,0.15,5.11,104.7,98.9,5.8,84.8,0.354,0.226,0.54,0.494,15.3,27.3,0.26,0.439,13.6,71,0.226,5,0.66,0.72,0.6,0.444444444,0.72,0.586206897,0.133333333,6.25,0,0.673913043,1,0.133333333,0.666666667,0.8,0.8,374,0,0.371,0.029,4,3,2,1
1999,San Antonio Spurs,West,34.8,76.2,0.456,3.4,10.4,0.33,31.4,65.8,0.476,19.8,28.3,0.698,12.3,31.7,44,22,8.4,7,15.2,20.2,92.8,32.6,81.2,0.402,3.4,11.2,0.304,29.2,70,0.417,16.1,23,0.701,13.9,28.1,42.1,18.8,8.7,4.9,14.6,23,84.7,30.1,37,13,39,11,8.06,-0.94,7.12,104,95,9,88.6,0.371,0.137,0.523,0.479,14.6,30.4,0.259,0.423,13.8,69.5,0.198,1,0.74,0.84,0.64,0.666666667,0.814814815,0.666666667,1,100,0,0.717391304,1,0.266666667,0.6,1.6,2.066666667,592,8,3.24,1.3,9,9,1,1
1999,Orlando Magic,East,33.7,78.9,0.428,4.5,13.5,0.33,29.3,65.4,0.448,17.5,25,0.7,13.8,28.9,42.7,21.3,9.9,4.3,16.4,18.7,89.5,34.2,77.1,0.443,4.6,13.3,0.345,29.6,63.8,0.463,13.9,19.7,0.707,11.9,28.5,40.4,20.8,9.4,4.8,17.3,22.2,86.9,28.7,33,17,30,20,2.6,0.51,3.11,100.3,97.4,2.9,88.8,0.318,0.171,0.498,0.456,15.4,32.6,0.222,0.473,16.7,70.8,0.181,6,0.66,0.84,0.48,0.75,0.545454545,0.633333333,0.066666667,6.25,0,0.653061224,1,0,0.6,1.333333333,1.333333333,481,6,1.186,0.08,10,4,3,1
1999,Toronto Raptors,East,33.2,78.8,0.421,4.5,13.2,0.341,28.7,65.6,0.437,20.2,26.6,0.76,14.2,28.9,43.2,20.7,8.8,6.4,16,22.8,91.1,33.9,77.1,0.439,5.1,13.7,0.372,28.8,63.4,0.454,19.9,27.4,0.728,12.3,27.9,40.1,21.9,8.9,5.2,15.5,21.8,92.8,27.3,23,27,22,28,-1.64,0.33,-1.32,102,103.9,-1.9,88.8,0.338,0.168,0.504,0.45,15,33.8,0.257,0.473,14.8,70.2,0.258,19,0.46,0.56,0.36,0.555555556,0.428571429,0.387096774,0,0,0,0.468085106,0,0,0,0,0,0,0,0,0,0,0,10,0
1999,Milwaukee Bucks,East,35.1,76.4,0.459,4.6,12.4,0.373,30.4,64,0.476,16.9,23.1,0.733,11.4,27.4,38.8,20.6,8.8,4,14.4,22.8,91.7,32,74.9,0.427,5.4,16.3,0.334,26.6,58.6,0.453,20.6,27.4,0.752,13.1,28,41.1,20.4,8,3.9,16.6,20.4,90,28.3,28,22,28,22,1.66,0,1.66,104.9,103,1.9,87,0.303,0.162,0.53,0.489,14.3,29,0.222,0.463,16,67.6,0.275,11,0.56,0.68,0.44,0.5,0.6,0.428571429,0,6.25,0,0.553191489,1,0,0,0,0.266666667,185,2,0,0,0,0,6,0
1999,Sacramento Kings,West,38.4,86.1,0.445,5.8,18.9,0.308,32.6,67.3,0.484,17.7,25.9,0.683,14.1,31.5,45.6,22.6,8.9,4.6,16.8,20.3,100.2,40.2,90,0.446,4.4,13,0.336,35.8,77,0.465,15.9,22.3,0.712,15,32,47,23.3,9.8,4.4,15.8,22,100.6,26.1,27,23,24,26,-0.42,-0.47,-0.89,102.7,103.1,-0.4,96,0.3,0.219,0.514,0.479,14.7,30.6,0.205,0.471,13.7,67.7,0.176,15,0.54,0.64,0.44,0.777777778,0.391304348,0.387096774,0.133333333,6.25,0,0.510638298,1,0,0.066666667,0.066666667,0.066666667,119,2,0,0,0,0,7,0
1999,Dallas Mavericks,West,35,80.7,0.434,4,11.9,0.339,30.9,68.8,0.45,17.6,24.2,0.728,12.9,29.6,42.5,18.4,7,5.8,13.8,21.3,91.6,36.3,80.7,0.45,4.3,13.7,0.315,32,67,0.477,17.1,23.9,0.717,13.2,30.4,43.6,21.5,7.2,4.9,14,20.8,94,26.1,19,31,21,29,-2.4,-0.1,-2.5,102.3,104.9,-2.6,89,0.3,0.148,0.502,0.459,13.2,29.8,0.218,0.476,13.3,69.1,0.212,23,0.38,0.6,0.16,0.2,0.36,0.257142857,0,0,0,0.382978723,0,0,0,0,0,0,0,0,0,0,0,11,0
1999,Chicago Bulls,East,30.8,76.7,0.401,3.5,12.2,0.289,27.2,64.5,0.422,16.8,23.7,0.709,11.5,27.9,39.3,20.3,8.7,3.4,15.5,22.2,81.9,34.5,75.7,0.455,4.2,12.2,0.34,30.3,63.5,0.477,18.3,24.9,0.733,11,31.4,42.4,22,8.9,5.7,15.6,21.5,91.4,28.6,13,37,9,41,-9.46,0.88,-8.58,92.4,103,-10.6,88.1,0.309,0.159,0.47,0.424,15.1,26.8,0.219,0.483,15.3,71.7,0.241,27,0.26,0.32,0.2,0.666666667,0.185185185,0.1875,0,0,0,0.255319149,0,1,3,4.733333333,8,0,0,0,0,0,0,15,0
1999,Utah Jazz,West,33.7,72.4,0.465,2.8,7.8,0.361,30.9,64.6,0.478,23.2,30.2,0.767,11.1,30.2,41.3,24.1,8,5.5,16.3,22.7,93.3,31.9,77.3,0.413,4.3,13.3,0.321,27.6,63.9,0.432,18.7,26,0.721,12.7,25.9,38.6,18.1,8.6,5.3,14.9,26.2,86.8,30.3,37,13,37,13,6.52,-0.99,5.54,105.8,98.4,7.4,87,0.417,0.107,0.545,0.485,16,30,0.32,0.441,14.4,70.4,0.242,2,0.74,0.88,0.6,0.428571429,0.814814815,0.633333333,0.333333333,12.5,0,0.75,1,0.866666667,2.4,3.2,4.2,791,0,3.483,0.033,21,8,2,1
1999,Phoenix Suns,West,35.9,80.1,0.449,5.2,14,0.372,30.7,66,0.465,18.5,24.3,0.76,12,28.4,40.3,25,8.9,4,13.6,20.4,95.6,35.4,78.7,0.45,5.4,15.1,0.36,30,63.6,0.472,17,24.5,0.694,12.3,30.1,42.4,21.3,8.2,4.1,16.2,21.3,93.3,29.3,27,23,29,21,2.26,-0.11,2.15,105.8,103.3,2.5,90,0.303,0.175,0.526,0.481,13,28.4,0.231,0.485,15.4,69.8,0.216,14,0.54,0.6,0.48,0.333333333,0.578947368,0.393939394,0,6.25,0,0.531914894,1,0.066666667,0.266666667,1.933333333,3.333333333,339,3,0.013,0,0,0,6,0
1998,Houston Rockets,West,35.9,79.4,0.452,7,20.4,0.343,28.9,59.1,0.49,19.9,25.9,0.771,12,28.7,40.7,21.9,8.4,3.6,15.8,20.2,98.8,38.7,82.5,0.469,5,13.7,0.365,33.7,68.9,0.489,17.1,23.1,0.744,12.7,28.4,41.1,23.3,8.9,4.5,14.3,21.3,99.5,32,41,41,39,43,-0.76,-0.47,-1.23,107.7,108.6,-0.9,91,0.326,0.256,0.544,0.496,14.8,29.8,0.251,0.499,13.3,69.3,0.208,17,0.5,0.585365854,0.414634146,0.5,0.479166667,0.270833333,0.133333333,6.25,0.488372093,0.464285714,1,0.6,1.8,3.2,3.4,712,7,5.823,1.983,28,9,8,0
1998,Utah Jazz,West,36.5,74.5,0.49,3,8.2,0.372,33.5,66.4,0.504,24.9,32.2,0.773,11.7,29.3,41.1,25.2,7.9,5,15.4,23.9,101,34.2,77.9,0.439,4.9,13.7,0.357,29.3,64.2,0.457,21.1,27.9,0.757,12,24.5,36.5,20.6,7.9,5.2,14.1,26,94.4,29.7,62,20,59,23,6.54,-0.81,5.73,112.7,105.4,7.3,89.2,0.433,0.11,0.569,0.51,14.8,32.3,0.334,0.471,13.5,71,0.271,2,0.756097561,0.87804878,0.634146341,0.692307692,0.810810811,0.645833333,0.866666667,50,0.674418605,0.826923077,1,0.866666667,1.666666667,2.933333333,3.733333333,686,0,2.753,0.033,20,7,1,1
1998,Washington Wizards,East,37.6,83.1,0.452,3.9,11.5,0.339,33.7,71.5,0.47,18.2,26.3,0.691,13.7,28.5,42.2,23.2,8.4,4.6,14.1,22.4,97.2,36.3,79.8,0.455,4.2,11.9,0.356,32,67.8,0.472,19.8,26.5,0.747,12.5,30.1,42.6,21,7.7,4.5,16.2,23.5,96.6,26.7,42,40,43,39,0.59,0.53,1.11,105.2,104.5,0.7,91.8,0.317,0.139,0.513,0.476,13,31.2,0.219,0.481,15.1,69.5,0.248,16,0.512195122,0.585365854,0.43902439,0.555555556,0.512195122,0.470588235,0,0,0.5,0.52,0,0,0,0,0,0,0,0,0,0,0,9,0
1998,Vancouver Grizzlies,West,36.7,80.1,0.458,4,11,0.362,32.7,69.1,0.473,19.3,26.2,0.739,13.2,28.2,41.4,23.9,7.5,4.3,17.1,22.1,96.6,39.4,82.9,0.475,5.2,13.5,0.385,34.2,69.3,0.493,19.9,27.2,0.732,14,28.7,42.7,25.6,10.2,6.6,14.2,22.3,103.9,26.5,19,63,22,60,-7.3,-0.17,-7.47,104.1,112,-7.9,92.1,0.327,0.137,0.527,0.482,15.8,31.5,0.242,0.507,13,66.9,0.24,26,0.231707317,0.341463415,0.12195122,0.454545455,0.162162162,0.076923077,0,0,0.282608696,0.173076923,0,0,0,0,0,0,0,0,0,0,0,12,0
1998,Indiana Pacers,East,35.6,75.9,0.469,4.9,12.5,0.39,30.7,63.3,0.485,19.9,26,0.764,10.7,28.6,39.3,23,7.9,4.5,14.2,22.7,96,34,78.7,0.432,3.3,10.6,0.316,30.7,68.1,0.45,18.6,25.6,0.728,13.6,27.5,41.1,19.4,7.9,4.5,15.1,22.5,89.9,29.7,58,24,59,23,6.09,0.16,6.25,108.4,101.6,6.8,87.9,0.343,0.165,0.55,0.502,14,27.9,0.262,0.453,14.4,67.8,0.236,5,0.707317073,0.780487805,0.634146341,0.5625,0.857142857,0.56,0.666666667,25,0.720930233,0.735849057,1,0,0.8,1.533333333,1.666666667,455,0,0.091,0.019,6,2,2,1
1998,Boston Celtics,East,36.7,84.6,0.434,5.1,15.2,0.332,31.7,69.3,0.457,17.4,24,0.726,14.6,24.9,39.5,22.1,12,4.5,16.2,26.9,95.9,34.9,72.9,0.479,3.6,11.5,0.318,31.3,61.5,0.509,25,33.6,0.745,12.4,29.8,42.2,22.3,8.5,5,20.6,21,98.5,23.9,36,46,33,49,-2.62,0.66,-1.96,102.6,105.4,-2.8,93.3,0.283,0.18,0.504,0.464,14.6,32.8,0.206,0.504,19,66.8,0.343,20,0.43902439,0.585365854,0.292682927,0.625,0.361111111,0.327272727,0,0,0.454545455,0.407407407,0,0,0.066666667,0.533333333,1.6,0,0,0,0,0,0,12,0
1998,Sacramento Kings,West,36.1,81.5,0.442,3.5,9.8,0.351,32.6,71.7,0.455,17.6,25.6,0.687,13.3,28.1,41.4,22.4,7.3,5.1,15.5,22.1,93.1,37.7,82.6,0.457,4.2,11.8,0.356,33.5,70.8,0.473,19,25.6,0.742,14.1,30.9,45,22.2,8.5,5.7,15.3,21.6,98.7,26.6,27,55,25,57,-5.59,-0.25,-5.83,100.8,106.9,-6.1,92.1,0.314,0.121,0.502,0.464,14.3,30.2,0.215,0.482,14,66.6,0.23,23,0.329268293,0.512195122,0.146341463,0.444444444,0.270833333,0.211538462,0,0,0.422222222,0.31372549,0,0,0.066666667,0.066666667,0.066666667,0,0,0,0,0,0,9,0
1998,Los Angeles Lakers,West,38.4,79.7,0.481,6.1,17.3,0.351,32.3,62.5,0.517,22.7,33.5,0.679,13.2,30.1,43.3,24.5,9,6.8,15.3,22.7,105.5,36.4,82.9,0.439,4.6,13.1,0.355,31.8,69.9,0.455,20.4,27.8,0.732,13.7,28.5,42.2,22.5,8,5.2,15.6,26.2,97.8,25.8,61,21,61,21,7.74,-0.87,6.88,111.9,103.7,8.2,93.6,0.42,0.216,0.559,0.519,14,31.6,0.285,0.467,14.1,68.8,0.245,3,0.743902439,0.804878049,0.682926829,0.625,0.791666667,0.645833333,0.466666667,25,0.744186047,0.730769231,1,0.266666667,0.666666667,0.866666667,3.666666667,271,2,0.955,0.009,4,0,2,1
1998,Seattle SuperSonics,West,37.2,78.8,0.473,7.6,19.1,0.396,29.6,59.6,0.497,18.5,25.7,0.721,11.4,27.1,38.5,24.2,9.8,4.6,14,22.1,100.6,35.3,79.2,0.446,5.1,15.7,0.324,30.2,63.5,0.476,17.7,24.4,0.724,13.9,28.2,42.1,22.3,7.8,4.9,17,22.2,93.4,31.1,61,21,61,21,7.17,-0.84,6.33,111.6,103.6,8,89.8,0.327,0.243,0.558,0.521,13.4,28.7,0.236,0.478,15.9,66.1,0.223,4,0.743902439,0.853658537,0.634146341,0.727272727,0.76744186,0.6875,0.266666667,12.5,0.777777778,0.711538462,1,0.4,1.333333333,2.4,2.866666667,714,0,0.231,0.896,7,6,3,1
1998,Atlanta Hawks,East,35.2,77.5,0.455,4.1,12.4,0.332,31.1,65.1,0.478,21.3,28.2,0.756,13.5,29.5,43,19.1,8,6,14.8,20.4,95.9,36.1,81.7,0.442,4.2,12.4,0.342,31.9,69.3,0.46,15.9,21.6,0.735,13.2,26.2,39.4,21.4,7.5,4.5,13.6,23.1,92.3,29.4,50,32,51,31,3.51,0.34,3.85,108.2,104.3,3.9,87.7,0.364,0.16,0.533,0.481,14.1,33.9,0.275,0.468,13,69.1,0.194,10,0.609756098,0.707317073,0.512195122,0.470588235,0.682926829,0.470588235,0.066666667,6.25,0.608695652,0.58490566,1,0.266666667,0.533333333,0.866666667,1.533333333,269,1,0.005,1.423,0,6,5,0
1998,Chicago Bulls,East,37.4,82.9,0.451,3.8,11.7,0.323,33.6,71.2,0.471,18.2,24.5,0.743,15.2,29.7,44.9,23.8,8.5,4.3,14.4,20.6,96.7,34.1,79.1,0.431,4,12.5,0.322,30.1,66.6,0.452,17.4,23.9,0.729,12.4,27.3,39.7,19.5,8,4.3,15.5,21.6,89.6,31.7,62,20,61,21,7.11,0.13,7.24,107.7,99.8,7.9,89,0.295,0.141,0.516,0.473,13.3,35.7,0.219,0.457,14.7,70.6,0.22,1,0.756097561,0.902439024,0.609756098,0.666666667,0.871794872,0.68627451,1,100,0.717391304,0.807692308,1,1,2.333333333,4.733333333,7.266666667,842,27,7.912,3.217,18,23,1,1
1998,Charlotte Hornets,East,36.2,77.4,0.468,4.2,11,0.383,32,66.3,0.482,20,26.7,0.751,12,28.5,40.6,23.7,8.4,3.8,15.2,21.4,96.6,36.3,78.3,0.464,4.5,13,0.347,31.8,65.3,0.487,17.5,24,0.731,11.8,27.5,39.3,22,7.1,4.5,15.1,23.2,94.6,29.2,51,31,47,35,2,0.45,2.45,107.5,105.3,2.2,89.4,0.345,0.142,0.542,0.495,14.6,30.4,0.259,0.493,14.6,70.8,0.224,9,0.62195122,0.780487805,0.463414634,0.75,0.555555556,0.519230769,0.266666667,12.5,0.6,0.622641509,1,0,0.066666667,0.333333333,0.333333333,340,3,0.123,0,2,2,4,0
1998,Miami Heat,East,34.8,77.2,0.45,6.7,18.8,0.355,28.1,58.3,0.481,18.8,25.4,0.739,12.5,29.5,42,21.4,8.1,5.2,15,24.2,95,33.2,77.5,0.428,3.7,11.2,0.331,29.5,66.3,0.445,19.9,26.8,0.744,12.9,27.2,40.1,19.9,7.8,4.5,14.8,22.6,90,28.1,55,27,56,26,4.93,0.16,5.09,107.6,102,5.6,87.9,0.329,0.244,0.538,0.494,14.5,31.5,0.243,0.452,14.2,69.6,0.257,8,0.670731707,0.731707317,0.609756098,0.692307692,0.682926829,0.509803922,0.133333333,6.25,0.627906977,0.660377358,1,0.533333333,0.533333333,0.666666667,0.666666667,263,0,0.284,0.029,3,3,3,1
1998,Toronto Raptors,East,36.2,83.1,0.435,4.5,13.2,0.343,31.6,69.8,0.453,18,25.1,0.718,14.5,26.2,40.7,21.3,9.4,8.1,16.7,22.6,94.9,39.9,83.2,0.479,4.8,12.6,0.383,35.1,70.6,0.496,19.5,27.9,0.7,15.5,30.6,46,27.1,9,6.3,16.7,21.3,104.2,24.8,16,66,17,65,-9.27,0.94,-8.33,101.2,111,-9.8,92.6,0.302,0.159,0.504,0.462,15.1,32.1,0.217,0.508,14.9,62.9,0.235,28,0.195121951,0.219512195,0.170731707,0.357142857,0.029411765,0.090909091,0,0,0.227272727,0.230769231,0,0,0,0,0,0,0,0,0,0,0,15,0
1998,Philadelphia 76ers,East,34.6,78.2,0.443,3,9.9,0.3,31.6,68.3,0.463,21.1,28.7,0.737,13.7,28,41.7,21.1,8.9,6,16.5,22.9,93.3,35.4,78.5,0.451,4.7,13.6,0.344,30.8,64.9,0.474,20.1,27.6,0.73,13.6,28.5,42.1,23.5,9.3,6.2,16.1,23.2,95.7,25.4,31,51,34,48,-2.39,0.5,-1.89,102.8,105.4,-2.6,90.4,0.367,0.126,0.514,0.462,15.4,32.5,0.271,0.481,15.1,67.3,0.256,22,0.37804878,0.463414634,0.292682927,0.6,0.421052632,0.277777778,0,0,0.325581395,0.444444444,0,0,0,0,0.533333333,0,0,0,0,0,0,14,0
1998,Phoenix Suns,West,38.3,81.8,0.468,5.3,14.8,0.356,33,67.1,0.492,17.8,23.8,0.749,12.1,29.9,42,25.9,9.2,5.2,15.1,21.5,99.6,35.6,80.7,0.442,4.8,13.3,0.361,30.8,67.4,0.458,18.3,25,0.732,12.8,28.6,41.4,22,8.8,3.9,16.6,21.6,94.4,28.2,56,26,56,26,5.18,-0.75,4.44,107.4,101.8,5.6,91.4,0.29,0.18,0.54,0.5,14,29.7,0.217,0.471,15.3,70,0.227,6,0.682926829,0.731707317,0.634146341,0.545454545,0.697674419,0.520833333,0.066666667,6.25,0.674418605,0.690909091,1,0.133333333,0.6,2.133333333,3.266666667,393,0,0.07,0,5,0,4,0
1998,Portland Trail Blazers,West,35.2,78,0.451,4,12.8,0.309,31.2,65.2,0.479,20,27.1,0.737,13.2,30.8,44,21.5,7.1,5.7,16.9,22.7,94.3,34.3,79.5,0.431,4.5,13.3,0.343,29.7,66.3,0.449,19.8,27.5,0.722,12.3,26.8,39.2,21.5,9.4,5.4,14.1,22.2,92.9,26.1,46,36,45,37,1.4,-0.57,0.83,104,102.4,1.6,90,0.348,0.164,0.524,0.476,15.8,33,0.256,0.46,13.4,71.4,0.249,12,0.56097561,0.634146341,0.487804878,0.583333333,0.625,0.458333333,0.066666667,6.25,0.558139535,0.518518519,1,0.066666667,0.2,1.2,2.666666667,153,0,0.007,0,0,0,6,0
1998,New York Knicks,East,34.9,78.2,0.447,4.7,13.9,0.335,30.3,64.3,0.471,17.1,22.1,0.772,11.9,29.7,41.6,21.8,7.7,3.4,15.2,23.7,91.6,32,74.8,0.428,4,12.7,0.317,28,62,0.451,21.1,28.1,0.75,10.4,28.5,39,19.3,8,3.8,15,20.8,89.1,30.2,43,39,49,33,2.46,0.28,2.74,103,100.3,2.7,88.2,0.283,0.178,0.521,0.476,14.7,29.5,0.218,0.455,14.7,74,0.282,15,0.524390244,0.682926829,0.365853659,0.4375,0.666666667,0.48,0.266666667,12.5,0.558139535,0.490566038,1,0.4,1.066666667,3,3.666666667,643,0,1.689,0.188,11,8,8,0
1998,Cleveland Cavaliers,East,34.4,75.7,0.454,3.6,9.8,0.372,30.7,65.9,0.466,20.2,26.7,0.756,11.6,28.4,40.1,23.1,9.9,5.1,17.3,23.6,92.5,32.8,75.8,0.433,4.2,12.1,0.344,28.6,63.7,0.45,20,26.5,0.755,11.6,27.2,38.7,21.8,8.6,5.5,17.6,23.2,89.8,24.6,47,35,49,33,2.73,0.33,3.06,102.2,99.1,3.1,89.9,0.352,0.129,0.529,0.478,16.5,30,0.266,0.46,16.8,71.1,0.264,11,0.573170732,0.658536585,0.487804878,0.473684211,0.685714286,0.44,0.066666667,6.25,0.590909091,0.555555556,1,0,0.066666667,0.866666667,1.266666667,154,1,0.083,0.009,3,0,6,0
1998,Golden State Warriors,West,34.7,83.9,0.413,2.3,8.5,0.272,32.4,75.5,0.429,16.6,23.3,0.71,15.7,30.2,45.9,20.8,7.6,5.5,16.7,22.7,88.3,36.5,82.2,0.444,4.1,11.7,0.347,32.4,70.5,0.46,20.3,27.9,0.729,13.8,30.9,44.7,24.5,9.2,5.8,14.1,20,97.4,25.9,19,63,17,65,-9.12,-0.08,-9.2,95.8,105.7,-9.9,91.4,0.278,0.101,0.468,0.427,15.1,33.7,0.197,0.469,13,68.6,0.247,25,0.231707317,0.292682927,0.170731707,0.333333333,0.1875,0.153846154,0,0,0.186046512,0.222222222,0,0,0,0.066666667,0.6,0,0,0,0,0,0,11,0
1998,Denver Nuggets,West,32.6,78.2,0.417,3.5,10.9,0.323,29.1,67.3,0.433,20.2,26.2,0.772,12.7,26.3,39,18.9,8.1,4.8,16,23.6,89,36.8,77.7,0.473,5.1,13.5,0.379,31.7,64.2,0.493,22.2,29.4,0.754,13.4,29.3,42.6,24.2,8.1,6.5,15.2,21.7,100.8,26.5,11,71,12,70,-11.78,0.04,-11.74,99,112.1,-13.1,89.7,0.335,0.139,0.496,0.44,15.1,30.2,0.259,0.506,14.3,66.3,0.285,29,0.134146341,0.219512195,0.048780488,0.090909091,0.105263158,0.076923077,0,0,0.090909091,0.166666667,0,0,0,0.4,0.733333333,0,0,0,0,0,0,14,0
1998,Orlando Magic,East,33.8,78.7,0.429,3.6,11.1,0.323,30.2,67.7,0.447,18.9,26.1,0.726,14.4,26.9,41.2,20.7,7.9,5.4,15.3,19.7,90.1,35.7,78.8,0.454,3.8,11.8,0.324,31.9,67,0.476,15.9,21.6,0.736,13.3,27.7,40.9,21.2,9.1,4.7,15.4,22.8,91.2,30.8,41,41,38,44,-1.07,0.54,-0.53,102.6,103.8,-1.2,87.1,0.331,0.141,0.499,0.452,14.5,34.2,0.24,0.478,14.8,66.9,0.202,18,0.5,0.585365854,0.414634146,0.5,0.43902439,0.384615385,0,0,0.456521739,0.461538462,0,0.133333333,1.333333333,1.333333333,1.333333333,0,0,0,0,0,0,10,0
1998,Dallas Mavericks,West,35.1,82.4,0.427,5.1,14.4,0.357,30,67.9,0.442,16,21.2,0.753,12.3,27.8,40.1,18.7,7.9,5.7,14.4,20,91.4,38.3,83.2,0.46,4.7,13.8,0.342,33.6,69.4,0.484,16.3,22.8,0.714,14.9,32.2,47.2,23,8,4.6,15.1,19.6,97.5,26.3,20,62,24,58,-6.11,-0.22,-6.33,100.5,107.2,-6.7,89.9,0.257,0.175,0.498,0.458,13.6,27.6,0.194,0.488,14,65.1,0.195,24,0.243902439,0.317073171,0.170731707,0.307692308,0.228571429,0.173076923,0,0,0.181818182,0.288461538,0,0,0,0,0.666666667,0,0,0,0,0,0,10,0
1998,Los Angeles Clippers,West,35.7,81.6,0.438,6.4,17.9,0.358,29.3,63.7,0.461,18,25,0.723,12.7,27.8,40.4,18.7,7.6,5.6,16.1,22.3,95.9,39.5,83.3,0.474,4.1,11.3,0.362,35.4,72.1,0.491,20.3,27.6,0.734,14.3,30.1,44.4,22.3,8.9,5,14.1,21.3,103.3,25.7,17,65,21,61,-7.37,-0.16,-7.53,103.3,111.2,-7.9,92.4,0.306,0.219,0.518,0.477,14.8,29.6,0.221,0.498,12.9,66.1,0.243,27,0.207317073,0.268292683,0.146341463,0.3,0.125,0.057692308,0,0,0.217391304,0.211538462,0,0,0,0.266666667,0.266666667,0,0,0,0,0,0,13,0
1998,San Antonio Spurs,West,35.3,75.5,0.468,3.7,10.5,0.35,31.7,64.9,0.488,18.2,26.4,0.688,12,32.2,44.2,22.4,6.3,6.9,16.1,21.1,92.5,33.4,81.2,0.411,4.1,12.5,0.328,29.3,68.6,0.426,17.7,23.9,0.74,12.4,27.3,39.7,19,8.9,4.6,12.7,22.5,88.5,28.7,56,26,53,29,3.99,-0.69,3.3,103.8,99.4,4.4,88.4,0.35,0.139,0.531,0.493,15.6,30.6,0.241,0.437,12.2,72.2,0.218,7,0.682926829,0.756097561,0.609756098,0.7,0.673913043,0.520833333,0.266666667,12.5,0.695652174,0.716981132,1,0,0.933333333,1.333333333,1.8,331,5,3.081,1.171,7,7,5,0
1998,Milwaukee Bucks,East,35.6,78,0.456,3,8.6,0.354,32.5,69.5,0.469,20.3,26.4,0.767,12.6,27.3,39.9,20.1,8.9,4.4,16.9,23.4,94.5,35.5,77.1,0.461,3.7,11.3,0.327,31.8,65.7,0.484,21.7,29.2,0.743,12.2,27.6,39.8,21.3,9.3,4.9,16.4,22,96.4,27.6,36,46,35,47,-1.91,0.58,-1.33,103.5,105.6,-2.1,90.2,0.339,0.11,0.527,0.475,15.8,31.4,0.26,0.485,15.5,69.1,0.282,21,0.43902439,0.512195122,0.365853659,0.3,0.3125,0.296296296,0,0,0.5,0.41509434,0,0,0,0,0.4,0,0,0,0,0,0,13,0
1998,New Jersey Nets,East,37.3,84.5,0.441,3.8,11.4,0.331,33.5,73.1,0.458,21.3,28.7,0.744,16.4,26.1,42.5,20.5,9.5,3.8,14.4,23.4,99.6,36.8,78.1,0.471,4.3,12.6,0.346,32.4,65.6,0.495,20.2,27,0.748,13.2,28.2,41.4,21.6,7.5,6.3,18.1,24.7,98.1,27.8,43,39,46,36,1.57,0.31,1.88,108.3,106.6,1.7,91,0.339,0.135,0.513,0.463,12.9,36.7,0.253,0.499,16.7,66.4,0.258,14,0.524390244,0.634146341,0.414634146,0.307692308,0.594594595,0.36,0,6.25,0.577777778,0.509433962,1,0,0,0.266666667,0.266666667,113,2,0,0,0,0,7,0
1998,Detroit Pistons,East,34.9,77.7,0.449,3.6,11.4,0.312,31.3,66.3,0.473,20.8,27.9,0.745,12.7,28.5,41.2,19.5,8.3,4.2,14.6,22,94.2,34.6,77.8,0.445,4.4,13.4,0.33,30.2,64.4,0.469,18.9,25.3,0.746,12.1,28.5,40.5,21.4,7.9,4.7,15.4,22.9,92.6,27.2,37,45,46,36,1.57,0.37,1.95,105.3,103.5,1.8,88.2,0.359,0.147,0.523,0.472,14,30.9,0.267,0.474,14.8,70.2,0.243,19,0.451219512,0.609756098,0.292682927,0.285714286,0.607142857,0.314814815,0,0,0.466666667,0.450980392,0,0.133333333,0.133333333,0.266666667,3.666666667,0,0,0,0,0,0,11,0
1998,Minnesota Timberwolves,West,38.5,83.5,0.461,3.7,10.6,0.347,34.8,72.8,0.478,20.4,27.5,0.743,13,29.6,42.6,25.2,7.8,5.2,13.9,23,101.1,37.5,83.7,0.448,5.3,14.7,0.358,32.2,69,0.468,20.1,27.1,0.742,13.6,29.4,43,23.3,7.4,5,15,22.7,100.4,26.4,45,37,43,39,0.71,-0.54,0.17,107.8,107.1,0.7,92.6,0.329,0.128,0.529,0.483,12.7,30.6,0.244,0.48,13.5,68.5,0.24,13,0.548780488,0.634146341,0.463414634,0.642857143,0.5,0.375,0.133333333,6.25,0.581395349,0.566037736,1,0,0,0,0,184,1,0.026,0,0,1,7,0
1997,Boston Celtics,East,37.4,85,0.44,5.7,16.2,0.351,31.7,68.7,0.461,20.1,26.8,0.75,13.4,26.7,40,21.9,9.9,3.8,16.4,23.4,100.6,41,81.7,0.503,6,16.5,0.365,35,65.2,0.537,19.8,27.5,0.72,12.3,32,44.3,26,8.8,6.8,17.6,22.3,107.9,26.1,15,67,22,60,-7.33,0.71,-6.62,103.9,111.4,-7.5,95.8,0.316,0.191,0.52,0.474,14.5,29.4,0.237,0.539,15.8,68.5,0.243,28,0.182926829,0.268292683,0.097560976,0.2,0.146341463,0.088888889,0,0,0.238095238,0.163636364,0,0,0.066666667,0.866666667,2.466666667,0,0,0,0,0,0,15,0
1997,Los Angeles Lakers,West,36.8,81,0.454,6.7,18.3,0.367,30.1,62.7,0.48,19.7,28.4,0.692,13.3,29.4,42.8,22.5,9,7,14.9,22.2,100,35.6,80.7,0.441,5.8,16.8,0.347,29.8,63.9,0.466,18.6,25.9,0.718,13.5,28.9,42.4,22.9,7.6,4.7,16.4,23.6,95.7,26.5,56,26,53,29,4.27,-0.61,3.66,108.3,103.7,4.6,91.1,0.351,0.226,0.535,0.496,13.7,31.6,0.243,0.478,15.1,68.5,0.231,8,0.682926829,0.756097561,0.609756098,0.636363636,0.659090909,0.470588235,0.266666667,12.5,0.733333333,0.666666667,1,0.066666667,0.4,1.4,4.4,450,5,0.949,0,3,0,4,0
1997,Sacramento Kings,West,36.6,80.6,0.454,5,12.9,0.391,31.5,67.7,0.466,18.2,25.2,0.723,13.4,28.1,41.5,21.9,7.2,4.4,16.2,23.7,96.4,36.7,79.5,0.462,5.4,15.3,0.352,31.3,64.2,0.488,21,28.5,0.737,13,28.5,41.5,21.7,8.7,5.2,15.3,21.8,99.8,27.4,34,48,31,51,-3.38,-0.26,-3.64,105,108.7,-3.7,91,0.313,0.16,0.526,0.485,15,32,0.226,0.495,14.3,68.5,0.264,19,0.414634146,0.536585366,0.292682927,0.5,0.341463415,0.131578947,0,0,0.422222222,0.411764706,0,0.066666667,0.066666667,0.066666667,0.066666667,0,0,0,0,0,0,9,0
1997,Toronto Raptors,East,35.3,80.9,0.437,7.2,19.8,0.363,28.1,61.1,0.461,17.6,24.5,0.72,13.8,27.5,41.3,20.9,8.8,6.3,16.4,23,95.5,36.2,77.9,0.465,6.1,17.4,0.348,30.2,60.5,0.498,20.1,27.7,0.724,12.6,28.7,41.3,24,8.2,5.4,16.3,21.9,98.6,25.1,30,52,32,50,-3.12,0.57,-2.56,104.6,108,-3.4,90.6,0.303,0.245,0.521,0.481,15.2,32.5,0.218,0.504,15.3,68.6,0.258,22,0.365853659,0.43902439,0.292682927,0.388888889,0.323529412,0.288888889,0,0,0.348837209,0.377358491,0,0,0,0,0,0,0,0,0,0,0,12,0
1997,Indiana Pacers,East,34.8,76.3,0.456,5.2,13.8,0.381,29.5,62.5,0.472,20.6,28.5,0.722,12.5,29.1,41.7,21.3,7.1,4.8,16.3,24.1,95.4,34.1,77.5,0.44,6.1,17.6,0.347,28,60,0.468,20,26.6,0.753,12.2,27.6,39.8,21.2,8.5,5.1,15.7,23.8,94.4,27.9,39,43,44,38,0.98,0.52,1.49,105.8,104.7,1.1,89,0.374,0.181,0.537,0.49,15.5,31.3,0.27,0.48,15,70.4,0.258,17,0.475609756,0.512195122,0.43902439,0.470588235,0.615384615,0.282608696,0,0,0.488372093,0.481481481,0,0.133333333,1.466666667,1.666666667,1.733333333,0,0,0,0,0,0,10,0
1997,Chicago Bulls,East,40,84.4,0.473,6.4,17.1,0.373,33.6,67.3,0.499,16.8,22.5,0.747,15.1,30,45.1,26.1,8.7,4,13.5,19.7,103.1,35.3,81.1,0.436,5.7,17.2,0.335,29.6,64,0.463,15.9,21.6,0.737,13.3,26.9,40.2,19.7,7.6,3.5,15.8,21.1,92.3,30.7,69,13,68,14,10.8,-0.11,10.7,114.4,102.4,12,90,0.267,0.203,0.547,0.511,12.5,35.9,0.199,0.471,14.8,69.3,0.196,1,0.841463415,0.951219512,0.731707317,0.692307692,0.918367347,0.725,1,100,0.888888889,0.823529412,1,1,1.733333333,4.733333333,6.266666667,817,20,7.361,3.156,18,21,1,1
1997,Dallas Mavericks,West,34.3,78.7,0.436,5.2,16,0.327,29.1,62.6,0.464,16.8,23.4,0.717,12.7,27.6,40.3,20.3,8,4.3,16.1,21.9,90.6,36.2,78.9,0.458,6.6,17.6,0.373,29.6,61.3,0.483,18.1,24.1,0.751,13.4,29.6,43,21.9,8.4,5.3,15.7,21,97,27.1,24,58,23,59,-6.35,-0.12,-6.47,101.1,108.2,-7.1,89,0.297,0.204,0.509,0.469,15.4,30,0.213,0.5,14.9,67.3,0.229,24,0.292682927,0.341463415,0.243902439,0.4375,0.153846154,0.157894737,0,0,0.333333333,0.254545455,0,0,0,0,0.733333333,0,0,0,0,0,0,11,0
1997,Vancouver Grizzlies,West,34.4,78.7,0.437,5.4,15.5,0.349,29,63.2,0.458,15,21.1,0.709,12.5,26.3,38.8,22.7,8,5.7,15.9,21.4,89.2,37.7,80,0.472,6.1,16.7,0.365,31.6,63.3,0.5,17.9,24.6,0.727,14.7,29.6,44.3,24.1,8.8,5.6,15.3,19.4,99.4,25,14,68,15,67,-10.23,0.06,-10.17,100.3,111.8,-11.5,88.4,0.269,0.197,0.507,0.471,15.3,29.7,0.191,0.51,14.4,64.1,0.224,29,0.170731707,0.195121951,0.146341463,0.571428571,0.108695652,0.078947368,0,0,0.166666667,0.156862745,0,0,0,0,0,0,0,0,0,0,0,14,0
1997,Utah Jazz,West,38.2,75.8,0.504,4.1,11,0.37,34.1,64.8,0.526,22.7,29.5,0.769,10.8,29.4,40.2,26.8,9.1,5.1,15.4,24.2,103.1,33,75.5,0.438,6.4,18,0.352,26.7,57.4,0.465,21.9,29.2,0.75,11.7,25.6,37.3,19.4,7.8,4.5,16.2,24.9,94.3,29.6,64,18,64,18,8.79,-0.82,7.97,113.6,104,9.6,90,0.389,0.145,0.581,0.53,14.7,29.7,0.299,0.48,15.5,71.6,0.29,2,0.780487805,0.926829268,0.634146341,0.375,0.87804878,0.676470588,0.866666667,50,0.704545455,0.79245283,1,0.666666667,1.333333333,2.333333333,3,490,0,1.893,0.033,18,5,1,1
1997,San Antonio Spurs,West,34.5,77.9,0.442,4.6,14.4,0.32,29.9,63.5,0.47,16.9,23.5,0.719,13.4,26,39.4,20.3,7.9,5.3,15.2,21.5,90.5,36.6,77.8,0.471,6.7,17.4,0.387,29.9,60.4,0.495,18.4,24.9,0.738,12.8,28.1,40.9,23.8,8.1,5.5,14.4,20.1,98.3,29.9,20,62,19,63,-7.88,-0.05,-7.93,103.3,112.3,-9,87.3,0.302,0.185,0.512,0.472,14.7,32.4,0.217,0.514,14,67,0.236,27,0.243902439,0.292682927,0.195121951,0.666666667,0.1875,0.184210526,0,0,0.261904762,0.236363636,0,0.333333333,1,1.4,1.8,0,0,0,0,0,0,13,0
1997,Orlando Magic,East,34.6,79.2,0.437,6.9,20.3,0.341,27.7,59,0.47,18,24.1,0.746,13.1,27.1,40.1,20.6,8.5,4.4,15.2,20,94.1,36.2,78.7,0.46,5.5,16.2,0.343,30.6,62.5,0.49,16.6,22.7,0.732,13.2,29.2,42.4,21.9,8.6,5.1,16,21.6,94.5,29.4,45,37,40,42,-0.35,0.28,-0.07,105.6,106,-0.4,88.3,0.304,0.256,0.524,0.481,14.5,30.9,0.227,0.495,15.3,67.3,0.211,12,0.548780488,0.634146341,0.463414634,0.857142857,0.461538462,0.425,0.133333333,6.25,0.512195122,0.625,1,0.466666667,1.2,1.2,1.2,285,0,0.341,0,2,0,7,0
1997,Atlanta Hawks,East,34.3,76.9,0.446,8,22.4,0.359,26.3,54.5,0.481,18.2,23.8,0.763,12.5,28.7,41.1,19,8.5,5.2,15,19.4,94.8,34.2,78.7,0.435,5.9,17.1,0.347,28.3,61.6,0.459,15.1,20.4,0.737,12.7,27.1,39.9,20.3,7.4,4,15.5,21.3,89.4,28.8,56,26,57,25,5.44,0.08,5.52,108.5,102.3,6.2,86.8,0.31,0.291,0.542,0.498,14.6,31.5,0.236,0.472,15,69.2,0.191,7,0.682926829,0.87804878,0.487804878,0.625,0.714285714,0.475,0.266666667,12.5,0.697674419,0.727272727,1,0.266666667,0.6,0.733333333,1.533333333,154,0,0.001,0.744,0,4,4,0
1997,Minnesota Timberwolves,West,35.8,78.5,0.456,4.5,13.3,0.339,31.3,65.2,0.48,20,26.6,0.751,11.7,28.1,39.7,22.9,7.5,6.8,15.2,22.2,96.1,35.9,79.7,0.45,5.7,15.7,0.362,30.2,64,0.472,20.1,26.6,0.754,13,28.8,41.9,21.8,8,5.4,15.6,22.3,97.6,26.3,40,42,37,45,-1.48,-0.35,-1.82,105.5,107.1,-1.6,90.7,0.339,0.17,0.533,0.485,14.4,28.8,0.254,0.486,14.6,68.3,0.252,15,0.487804878,0.609756098,0.365853659,0.6875,0.43902439,0.210526316,0,6.25,0.466666667,0.538461538,1,0,0,0,0,133,0,0.026,0,0,0,6,0
1997,New Jersey Nets,East,36.5,86.5,0.422,5.9,16.7,0.353,30.6,69.8,0.439,18.3,24.8,0.74,17.2,29,46.2,21,8.3,5.9,15.7,22.7,97.2,37.8,81.5,0.464,6.3,17,0.372,31.5,64.5,0.488,19.9,26.6,0.745,13,30,43,23.5,8.2,6.3,15.3,21.7,101.8,26.8,26,56,28,54,-4.56,0.67,-3.89,104.7,109.7,-5,92.4,0.286,0.193,0.499,0.456,13.9,36.4,0.212,0.503,14.1,69,0.244,23,0.317073171,0.390243902,0.243902439,0.4,0.268292683,0.173913043,0,0,0.285714286,0.327272727,0,0,0.066666667,0.266666667,0.266666667,0,0,0,0,0,0,13,0
1997,Charlotte Hornets,East,36.4,77.3,0.471,7.2,16.9,0.428,29.2,60.5,0.483,18.8,24.2,0.777,11.1,28,39.1,24.6,7.3,4.3,14.7,20.8,98.9,37.3,81.1,0.46,5.9,16.6,0.357,31.3,64.5,0.486,16.5,22.6,0.73,13.1,27.5,40.6,21.7,6.5,4.1,13.9,21.7,97,29.1,54,28,46,36,1.87,0.26,2.13,110.9,108.9,2,88.6,0.313,0.218,0.562,0.518,14.3,28.7,0.243,0.496,13.3,68.1,0.204,9,0.658536585,0.731707317,0.585365854,0.615384615,0.612903226,0.525,0,6.25,0.577777778,0.716981132,1,0,0.066666667,0.333333333,0.333333333,313,0,0,0,0,0,5,0
1997,Houston Rockets,West,37,79.1,0.468,8.2,22.4,0.365,28.9,56.6,0.509,18.3,24.3,0.755,11.3,31.3,42.6,24.5,8.4,4.2,16.6,19.6,100.6,37,83.5,0.443,6.3,18.9,0.335,30.6,64.6,0.474,15.9,21.8,0.729,12.5,28.4,41,22.4,8.9,4.5,14.3,21.2,96.1,30.8,57,25,54,28,4.48,-0.62,3.85,108.8,104,4.8,91.6,0.307,0.284,0.56,0.52,15.6,28.4,0.232,0.481,13.3,71.4,0.19,4,0.695121951,0.731707317,0.658536585,0.666666667,0.675,0.529411765,0.6,25,0.711111111,0.634615385,1,0.2,2.2,2.6,3.133333333,644,7,5.738,1.974,27,8,2,1
1997,Detroit Pistons,East,34.5,74.3,0.464,7.1,18.3,0.388,27.4,56,0.488,18.1,24.3,0.745,10.5,28,38.4,19,7.7,3.5,12.7,20.1,94.2,33.8,76,0.444,6.4,17.4,0.369,27.3,58.5,0.467,15,20.3,0.737,11.8,27.6,39.4,21.9,6,3.4,14.6,21.8,88.9,28.2,54,28,57,25,5.24,0.2,5.45,110.6,104.4,6.2,84.5,0.327,0.246,0.554,0.512,13,27.5,0.244,0.487,14.6,70.4,0.197,10,0.658536585,0.731707317,0.585365854,0.555555556,0.72972973,0.487804878,0.133333333,6.25,0.744186047,0.603773585,1,0,0,0.6,4.2,303,4,0.067,0.074,4,6,6,0
1997,Philadelphia 76ers,East,36.6,83.5,0.438,5.3,16.5,0.319,31.3,67,0.468,21.7,29.9,0.725,15.5,28.7,44.2,20.7,8.3,4.8,17.5,21.1,100.2,40.4,85.9,0.47,6.8,18.6,0.365,33.6,67.3,0.5,19.1,26,0.733,14.5,29.9,44.4,25.2,10,6,15.6,24.5,106.7,25.5,22,60,24,58,-6.54,0.65,-5.89,104.6,111.4,-6.8,95.3,0.358,0.198,0.518,0.47,15.3,34.1,0.259,0.51,13.8,66.5,0.222,25,0.268292683,0.268292683,0.268292683,0.4,0.2,0.177777778,0,0,0.227272727,0.259259259,0,0,0,0.266666667,0.666666667,0,0,0,0,0,0,14,0
1997,Golden State Warriors,West,36.5,80.1,0.456,5.9,16.6,0.353,30.7,63.5,0.483,20.7,26.6,0.778,13.2,27.5,40.8,22.2,7.5,4.4,17.2,21.8,99.6,39,82.1,0.475,7.1,19,0.373,31.9,63.1,0.506,19.2,25.6,0.75,13.3,27.7,41,26.3,10,4.8,15.7,23,104.4,26.7,30,52,28,54,-4.71,-0.2,-4.9,107.2,112.2,-5,91.9,0.332,0.208,0.543,0.493,15.8,32.3,0.258,0.518,14.4,67.5,0.234,21,0.365853659,0.43902439,0.292682927,0.2,0.333333333,0.105263158,0,0,0.386363636,0.358490566,0,0,0,0.333333333,0.866666667,0,0,0,0,0,0,10,0
1997,Washington Bullets,East,39.1,81.4,0.48,4,12.2,0.331,35.1,69.2,0.507,17.1,24.1,0.707,12.3,29.5,41.8,23.4,8.7,4.9,15.7,22.1,99.4,36.7,80.9,0.454,6,16.2,0.371,30.7,64.8,0.474,18.3,24.4,0.749,12.5,28.5,41,20.4,8.1,4.1,16.5,21.6,97.7,25.9,44,38,46,36,1.62,0.15,1.77,106.6,104.9,1.7,92.4,0.296,0.15,0.54,0.505,14.6,30.2,0.21,0.491,15.3,70.3,0.226,13,0.536585366,0.609756098,0.463414634,0.285714286,0.611111111,0.3,0,6.25,0.5,0.547169811,1,0,0,0,0.133333333,64,0,0,0,1,0,8,0
1997,Portland Trail Blazers,West,36.6,78.8,0.464,6.1,17.1,0.358,30.5,61.8,0.493,19.7,27.6,0.713,12.9,30.4,43.3,20.9,7.8,5.3,16.5,23.5,99,34.1,78.3,0.436,5.6,15.6,0.357,28.5,62.7,0.455,21,28.4,0.739,11.6,26.8,38.4,20.8,8,5.2,15.1,23,94.8,26.4,49,33,53,29,4.17,-0.61,3.56,107.9,103.3,4.6,90.9,0.35,0.217,0.544,0.503,15.4,32.5,0.249,0.471,14.3,72.4,0.268,11,0.597560976,0.707317073,0.487804878,0.307692308,0.710526316,0.411764706,0.066666667,6.25,0.543478261,0.647058824,1,0.133333333,0.2,1.733333333,2.666666667,153,0,0,0,0,0,5,0
1997,Denver Nuggets,West,35.8,81.5,0.439,7.8,20.9,0.372,28,60.7,0.462,18.5,24.3,0.761,12.1,29.9,42,23,6.1,5.9,16.6,21.8,97.8,40.2,86.1,0.467,5.9,15,0.393,34.3,71.1,0.482,17.8,23.7,0.75,13.2,30,43.2,22.5,8.8,5.5,12.9,21,104.1,28.6,21,61,24,58,-6.28,-0.12,-6.4,104.5,111.2,-6.7,92.4,0.298,0.256,0.53,0.486,15.2,28.8,0.227,0.501,11.8,69.3,0.206,26,0.256097561,0.292682927,0.219512195,0.4,0.228571429,0.105263158,0,0,0.311111111,0.25,0,0,0.4,0.4,0.733333333,0,0,0,0,0,0,12,0
1997,Phoenix Suns,West,38.3,81.8,0.469,6.4,17.4,0.369,31.9,64.4,0.496,19.7,25.9,0.761,11.2,29,40.1,25.2,8.1,3.9,14.4,21.1,102.8,38.8,83.1,0.467,6.6,18,0.368,32.2,65.1,0.494,17.9,24.2,0.739,12.8,30,42.8,24.3,8.1,4.5,15.8,22.4,102.2,28.5,40,42,43,39,0.66,-0.45,0.21,109.3,108.6,0.7,93.2,0.317,0.213,0.552,0.508,13.4,27.1,0.241,0.507,14.4,69.4,0.215,16,0.487804878,0.609756098,0.365853659,0.3125,0.435897436,0.368421053,0.133333333,6.25,0.333333333,0.566037736,1,0.066666667,0.866666667,2.066666667,3.133333333,343,0,0.071,0,5,0,7,0
1997,Milwaukee Bucks,East,36.2,76.9,0.471,4,11.2,0.352,32.2,65.6,0.491,19,25.7,0.741,11.6,27.6,39.2,19.6,7.7,4.2,15.7,23.1,95.3,36.6,77.5,0.472,4.5,13.2,0.342,32.1,64.3,0.499,19.6,26.8,0.731,11.9,27.5,39.4,22.2,8.4,4.8,14.6,21.7,97.2,27.3,33,49,35,47,-1.89,0.51,-1.38,106.2,108.3,-2.1,89.5,0.334,0.146,0.541,0.496,15.1,29.7,0.248,0.501,14.1,69.9,0.253,20,0.402439024,0.487804878,0.317073171,0.461538462,0.454545455,0.266666667,0,0,0.477272727,0.339622642,0,0,0,0,0.8,0,0,0,0,0,0,11,0
1997,Miami Heat,East,34.4,76,0.453,8.3,22.7,0.364,26.1,53.3,0.491,17.7,24.7,0.719,11.7,29.3,41,21.2,7.9,5.4,15.9,23.4,94.8,32.8,75.9,0.432,5,13.8,0.362,27.8,62.1,0.447,18.8,25.7,0.731,12.2,28.3,40.5,18.4,7.9,4.8,16.1,22.3,89.3,27.2,61,21,57,25,5.49,0.07,5.56,106.8,100.6,6.2,88.2,0.324,0.299,0.546,0.507,15.5,29.2,0.233,0.465,15.6,70.6,0.248,3,0.743902439,0.707317073,0.780487805,0.789473684,0.837837838,0.6,0.533333333,25,0.727272727,0.730769231,1,0,0.133333333,0.133333333,0.133333333,215,0,0.073,0.029,2,2,2,1
1997,Los Angeles Clippers,West,36.5,81.7,0.446,5.8,16.3,0.354,30.7,65.3,0.469,18.5,25.3,0.731,13.3,27.3,40.7,20.3,8.9,5.4,16,24,97.2,36.3,78.6,0.462,5.9,16.4,0.357,30.4,62.2,0.489,21.1,28.2,0.749,12.8,29.9,42.7,20.2,9,5.1,16.7,22.7,99.5,25.5,36,46,34,48,-2.35,-0.31,-2.66,105.1,107.6,-2.5,91.3,0.31,0.2,0.524,0.482,14.7,30.8,0.227,0.499,15.5,68.1,0.269,18,0.43902439,0.512195122,0.365853659,0.636363636,0.375,0.184210526,0,6.25,0.404761905,0.480769231,1,0,0,0.266666667,0.266666667,30,0,0,0.009,0,0,8,0
1997,New York Knicks,East,35.1,75.9,0.463,5.7,15.8,0.363,29.4,60.2,0.489,19.3,25.8,0.748,11.9,30.7,42.5,22.1,7.7,4.6,17.8,24.8,95.4,32.5,76.5,0.425,5.9,16.8,0.35,26.6,59.7,0.446,21.4,29.1,0.733,11.1,27.1,38.2,19.4,8.9,3.6,16.3,23,92.2,29.7,57,25,50,32,3.12,0.18,3.31,104.4,101,3.4,90.5,0.34,0.208,0.546,0.501,17,30.5,0.255,0.463,15.4,73.4,0.279,5,0.695121951,0.756097561,0.634146341,0.692307692,0.696969697,0.609756098,0.4,12.5,0.711111111,0.679245283,1,0.266666667,1.6,2.6,3.266666667,473,1,1.436,0.188,8,8,3,1
1997,Cleveland Cavaliers,East,33,72.8,0.453,5.9,15.7,0.376,27.1,57.2,0.474,15.6,21.6,0.723,11.1,26.3,37.4,20.9,8,3.8,14.5,23,87.5,30.3,68.8,0.441,5.6,15,0.373,24.7,53.8,0.46,19.4,26.1,0.742,10.3,26.7,37,20.1,6.7,4.3,16.2,21.3,85.6,26.7,42,40,47,35,1.84,0.47,2.32,104.6,102.4,2.2,82.9,0.297,0.215,0.531,0.493,15,29.4,0.215,0.482,16.8,71.9,0.281,14,0.512195122,0.609756098,0.414634146,0.6,0.571428571,0.285714286,0,0,0.558139535,0.433962264,0,0,0.066666667,0.866666667,1.266666667,0,0,0,0,0,0,9,0
1997,Seattle SuperSonics,West,36.5,78.2,0.467,6.8,19.3,0.353,29.7,58.9,0.504,21,28,0.752,12.3,27.7,40,23.5,11,4.7,15,22,100.9,33.6,76.3,0.441,7.5,20,0.373,26.2,56.3,0.465,18.5,24.9,0.741,12.4,27.5,39.9,21.4,7.7,5.2,18.7,23.5,93.2,30,57,25,62,20,7.68,-0.77,6.91,111.2,102.7,8.5,90.3,0.358,0.247,0.557,0.51,14.2,30.9,0.269,0.49,17.7,69.1,0.242,6,0.695121951,0.756097561,0.634146341,0.307692308,0.866666667,0.5,0.4,12.5,0.711111111,0.72,1,0.866666667,1.066666667,2.133333333,2.933333333,582,0,0.426,0.679,9,5,3,1
1996,Cleveland Cavaliers,East,33.7,73.1,0.46,7.3,19.3,0.377,26.4,53.9,0.49,16.5,21.6,0.763,10.6,25.1,35.6,22.2,8.2,4.1,13.1,20.5,91.1,32.6,70.6,0.462,6.3,16.1,0.388,26.4,54.5,0.484,17.1,22.5,0.759,10.7,26.4,37.1,22.2,6.1,4.1,15.6,20.3,88.5,27.5,47,35,49,33,2.59,-0.09,2.49,109.9,106.7,3.2,82.3,0.296,0.264,0.551,0.51,13.7,28.6,0.226,0.506,16.3,70.2,0.242,9,0.573170732,0.634146341,0.512195122,0.625,0.6,0.377777778,0,6.25,0.534883721,0.581818182,1,0.066666667,0.266666667,1,1.266666667,231,0,0,0.01,0,2,4,0
1996,New York Knicks,East,36.6,77.8,0.471,5.9,15.7,0.377,30.7,62.2,0.494,18,23.8,0.757,10.1,29.9,40,22.2,7.9,4.6,15.5,22.7,97.2,34.9,78.9,0.442,5.4,16,0.337,29.5,62.9,0.468,19.8,26.7,0.74,12.1,29.6,41.7,20.4,8,3.4,15.8,21.5,94.9,30.4,47,35,48,34,2.32,-0.08,2.24,106,103.5,2.5,91,0.306,0.201,0.55,0.509,14.9,25.5,0.232,0.476,14.8,71.1,0.251,10,0.573170732,0.634146341,0.512195122,1,0.571428571,0.454545455,0.266666667,12.5,0.642857143,0.518518519,1,0.4,1.933333333,2.6,3,561,0,1.373,0.19,6,6,5,0
1996,Detroit Pistons,East,34.3,74.7,0.459,6.6,16.5,0.404,27.6,58.2,0.475,20.2,26.9,0.751,10.8,29.8,40.5,19.6,6.2,4.3,14.8,23.8,95.4,34.5,77.7,0.443,6.2,16.8,0.366,28.3,60.9,0.465,17.8,24.9,0.715,11.8,27.7,39.4,21.1,6.8,4.7,14.1,23,92.9,26.8,46,36,49,33,2.5,-0.05,2.45,107.9,105.1,2.8,87.7,0.36,0.221,0.551,0.504,14.6,28,0.271,0.483,13.7,71.7,0.229,12,0.56097561,0.731707317,0.390243902,0.444444444,0.675675676,0.413043478,0,6.25,0.512195122,0.58490566,1,0,0,1.6,4.266666667,240,3,0.011,0.074,3,5,7,0
1996,Philadelphia 76ers,East,34.1,78.3,0.436,6,17.5,0.342,28.1,60.7,0.463,20.3,27.6,0.734,12.6,26.4,38.9,19.9,7.8,5.1,17.2,21.7,94.5,40,82.9,0.483,6.4,17.3,0.37,33.6,65.5,0.513,18,24.2,0.741,14.2,30.2,44.4,25.7,8.8,5.7,15.7,23.3,104.5,26.1,18,64,16,66,-10,0.55,-9.45,102.2,113,-10.8,92.2,0.353,0.224,0.522,0.474,16,29.4,0.259,0.522,14.4,65,0.217,28,0.219512195,0.268292683,0.170731707,0.538461538,0.083333333,0.142857143,0,0,0.19047619,0.236363636,0,0,0,0.533333333,1.066666667,0,0,0,0,0,0,15,0
1996,Orlando Magic,East,39.1,81,0.482,7.6,20.1,0.378,31.5,60.9,0.517,18.8,27.2,0.691,11.8,29.3,41.1,25.4,8.1,5,14.1,20.8,104.5,37.3,82.1,0.454,6,16.5,0.366,31.3,65.6,0.477,18.3,24.8,0.736,13.3,28.8,42.1,22.8,7.9,4,15.1,22.3,99,27.7,60,22,56,26,5.56,-0.16,5.4,112.9,106.9,6,91.8,0.336,0.248,0.562,0.529,13.2,29,0.232,0.491,14,68.8,0.223,3,0.731707317,0.902439024,0.56097561,0.705882353,0.714285714,0.644444444,0.466666667,25,0.720930233,0.698113208,1,0.733333333,0.733333333,0.733333333,0.733333333,382,3,0.915,0.01,3,3,2,1
1996,Charlotte Hornets,East,37.9,80.7,0.47,7.1,18.5,0.384,30.8,62.2,0.495,19.9,25.8,0.77,12,27.5,39.5,23.3,7.1,3.4,15.1,22.1,102.8,39.7,81.1,0.489,6.5,16.3,0.396,33.2,64.8,0.513,17.6,23.9,0.736,11.6,28.8,40.4,25,6.5,4.5,14.8,22.3,103.4,27.8,41,41,39,43,-0.57,0.09,-0.48,111.2,111.8,-0.6,91.6,0.32,0.23,0.558,0.514,14.1,29.5,0.246,0.529,13.9,70.3,0.217,16,0.5,0.609756098,0.390243902,0.4,0.514285714,0.4,0,0,0.5,0.519230769,0,0.066666667,0.333333333,0.333333333,0.333333333,0,0,0,0,0,0,9,0
1996,Indiana Pacers,East,36.3,75.7,0.48,4.4,11.9,0.373,31.9,63.8,0.5,22.2,29.5,0.755,12.3,27.6,39.9,23.4,7.1,3.9,16.3,24.8,99.3,34.6,76.7,0.452,6,16.7,0.36,28.6,60,0.477,20.8,28.1,0.74,12.2,25,37.3,21,8.1,5.1,15.4,24.9,96.1,29.4,52,30,50,32,3.24,-0.14,3.11,110.8,107.2,3.6,89.3,0.389,0.157,0.56,0.509,15.5,33,0.294,0.491,14.7,69.3,0.271,7,0.634146341,0.780487805,0.487804878,0.555555556,0.75862069,0.533333333,0.133333333,6.25,0.674418605,0.672727273,1,0.666666667,1.4,1.533333333,1.6,525,0,0.003,0.019,1,1,3,1
1996,Boston Celtics,East,38.6,84.7,0.456,6.6,17.7,0.371,32,66.9,0.478,19.9,27.9,0.714,12.8,29.6,42.4,21.9,8,5,15.9,24.9,103.6,40.2,83.6,0.481,5.1,14.2,0.357,35.1,69.4,0.506,21.5,28.9,0.747,12.7,31.6,44.3,23.4,8.1,6,16,24,107,26.3,33,49,32,50,-3.4,0.03,-3.37,106.4,109.9,-3.5,96.2,0.329,0.209,0.534,0.494,14.1,28.8,0.235,0.511,14.3,70,0.258,21,0.402439024,0.43902439,0.365853659,0.533333333,0.333333333,0.229166667,0,0,0.372093023,0.388888889,0,0.066666667,0.133333333,1,3.466666667,0,0,0,0,0,0,11,0
1996,Los Angeles Lakers,West,39.2,81.8,0.48,5.8,16.6,0.351,33.4,65.2,0.512,18.6,25,0.746,12.1,28.1,40.2,25.4,8.8,6.3,14.2,20.8,102.9,38,83,0.458,5.4,14.7,0.367,32.6,68.3,0.478,17,23.1,0.738,14,28.2,42.2,24.5,7.2,5.9,16.3,22,98.5,27.1,53,29,53,29,4.45,-0.24,4.21,111.4,106.6,4.8,92.4,0.306,0.203,0.555,0.515,13.3,30.1,0.228,0.491,14.9,66.8,0.205,6,0.646341463,0.731707317,0.56097561,0.5,0.704545455,0.476190476,0.066666667,6.25,0.581395349,0.725490196,1,0.333333333,0.466666667,1.6,4.866666667,469,5,5.098,0.013,10,0,4,0
1996,San Antonio Spurs,West,38.4,80.5,0.477,6.3,16.1,0.392,32.1,64.4,0.498,20.3,27.6,0.736,11.4,31.5,43,24.9,7.9,6.5,14.6,22.2,103.4,36.8,83.7,0.439,5.4,16.3,0.33,31.4,67.4,0.466,18.1,24.8,0.73,13.5,30.2,43.7,22.5,7.4,5.2,15.3,24,97.1,29.4,59,23,58,24,6.3,-0.33,5.98,110.2,103.5,6.7,93.3,0.342,0.2,0.558,0.516,13.6,27.5,0.252,0.472,13.9,70,0.216,4,0.719512195,0.804878049,0.634146341,0.692307692,0.775,0.642857143,0.333333333,12.5,0.682926829,0.727272727,1,0.6,1,1.466666667,1.466666667,428,5,2.573,1.104,6,6,2,1
1996,Vancouver Grizzlies,West,33.8,79.1,0.428,4.5,13.8,0.329,29.3,65.3,0.448,17.6,24.4,0.724,11.7,26.5,38.1,20.8,8.9,4.1,16.4,22.6,89.8,37.6,79.1,0.475,5.6,15,0.374,32,64.1,0.498,19,26,0.733,13.4,31.1,44.5,24.2,8.5,5.8,17.4,21.8,99.8,27.2,15,67,15,67,-9.98,0.43,-9.55,97.6,108.5,-10.9,91,0.308,0.174,0.5,0.456,15.5,27.3,0.223,0.51,16.1,66.3,0.241,29,0.182926829,0.243902439,0.12195122,0.625,0.052631579,0.108695652,0,0,0.227272727,0.192307692,0,0,0,0,0,0,0,0,0,0,0,14,0
1996,New Jersey Nets,East,35.1,82.3,0.427,3,9.1,0.335,32.1,73.2,0.438,20.4,27.4,0.745,16.5,30.5,47,21.4,7.6,7,16.8,22.9,93.7,36.7,80.8,0.454,6.6,17.3,0.384,30,63.5,0.473,18,24.3,0.74,12.5,28.7,41.3,22.9,8.1,6.3,15.5,23.5,97.9,27.4,30,52,29,53,-4.23,0.09,-4.14,101.9,106.5,-4.6,90.9,0.332,0.111,0.497,0.445,15.1,36.4,0.248,0.495,14.5,70.9,0.223,22,0.365853659,0.487804878,0.243902439,0.454545455,0.263157895,0.229166667,0,0,0.395348837,0.363636364,0,0,0.2,0.266666667,0.266666667,0,0,0,0,0,0,12,0
1996,Washington Bullets,East,39,80.7,0.484,6,14.8,0.407,33,65.9,0.501,18.4,25.3,0.728,11.3,28.4,39.7,22.1,7.2,6.2,16.2,24.2,102.5,37.3,81.1,0.46,4.6,13.5,0.342,32.7,67.6,0.484,22.2,29,0.766,13.5,28.9,42.4,20.6,8.5,4.8,16.6,23.1,101.5,24.8,39,43,44,38,1.06,-0.07,0.99,108.7,107.6,1.1,93.7,0.314,0.183,0.558,0.521,15,28.2,0.228,0.489,15,67.8,0.274,18,0.475609756,0.609756098,0.341463415,0.333333333,0.525,0.354166667,0,0,0.5,0.444444444,0,0,0,0,0.266666667,0,0,0,0,0,0,10,0
1996,Houston Rockets,West,37.5,81,0.464,7.8,21.5,0.362,29.8,59.5,0.501,19.6,25.7,0.765,11.2,29.9,41.1,24.2,7.9,5.8,15.2,21.4,102.5,38.8,84.3,0.46,5.9,16.4,0.359,32.9,67.9,0.484,17.4,24.5,0.707,13.7,30.5,44.2,23.7,8.2,4.9,14.9,22.5,100.7,29,48,34,46,36,1.74,-0.12,1.63,109.3,107.4,1.9,93.2,0.317,0.265,0.555,0.512,14.1,26.9,0.243,0.495,13.6,68.6,0.206,8,0.585365854,0.658536585,0.512195122,0.4,0.551724138,0.428571429,0.2,12.5,0.644444444,0.5,1,1,2.4,2.466666667,3.8,579,14,3.096,1.903,14,7,5,0
1996,Sacramento Kings,West,36.2,79.2,0.457,5.6,14.6,0.387,30.6,64.6,0.473,21.5,29.4,0.731,13.6,28.6,42.2,22.3,7.8,5.3,17.6,26,99.5,36.4,78.8,0.462,5.6,14.8,0.379,30.8,64,0.482,23.8,31.7,0.751,12.9,28.2,41.1,22,9.4,6.2,16.5,24.5,102.3,26.6,39,43,33,49,-2.71,0.09,-2.62,106.2,109.1,-2.9,93.4,0.371,0.184,0.54,0.493,16,32.5,0.271,0.498,15.1,69,0.302,17,0.475609756,0.634146341,0.317073171,0.583333333,0.27027027,0.391304348,0.066666667,6.25,0.58974359,0.392857143,1,0,0,0,0,84,0,0,0,2,0,8,0
1996,Minnesota Timberwolves,West,36.3,79,0.459,3.4,10.5,0.326,32.9,68.6,0.479,21.9,28.2,0.777,12,27.7,39.7,22.8,7.9,5.9,17.4,24.3,97.9,37.6,80.3,0.469,6.5,17,0.38,31.2,63.3,0.492,21.5,28.9,0.744,12.6,28.3,40.9,24,8.8,6.1,16.4,23.7,103.2,26.4,26,56,26,56,-5.35,0.22,-5.14,104.1,109.8,-5.7,93.5,0.357,0.132,0.535,0.48,16,29.8,0.277,0.509,15,68.7,0.267,25,0.317073171,0.414634146,0.219512195,0.357142857,0.297297297,0.239130435,0,0,0.268292683,0.345454545,0,0,0,0,0,0,0,0,0,0,0,13,0
1996,Denver Nuggets,West,36.6,81.2,0.451,4.8,14,0.346,31.8,67.2,0.473,19.7,26.5,0.743,12.9,30.3,43.2,22.6,6.4,7.3,15.4,23,97.7,37.7,82.2,0.459,5.5,15.1,0.367,32.2,67.1,0.479,19.5,25.7,0.76,11.4,29.1,40.5,22.9,7.5,5.1,13.8,23.2,100.4,26.8,35,47,33,49,-2.71,0.09,-2.62,105.2,108.1,-2.9,92.2,0.326,0.172,0.526,0.481,14.2,30.7,0.242,0.492,12.8,72.7,0.237,20,0.426829268,0.585365854,0.268292683,0.454545455,0.363636364,0.347826087,0,0,0.418604651,0.41509434,0,0,0.4,0.4,1.066666667,0,0,0,0,0,0,10,0
1996,Toronto Raptors,East,37.6,80.5,0.467,5,14.2,0.354,32.6,66.2,0.492,17.2,23.8,0.723,13.1,27,40,23.5,9.1,6,18.8,24.2,97.5,38.4,80.8,0.475,6.3,17.3,0.367,32,63.5,0.504,21.9,29.5,0.745,13.4,27.7,41.1,24.3,9.3,5.9,16.2,21.2,105,26.1,21,61,21,61,-7.51,0.31,-7.2,103.8,111.8,-8,93.2,0.296,0.177,0.536,0.499,17.2,32,0.214,0.514,14.7,66.8,0.272,27,0.256097561,0.365853659,0.146341463,0.4,0.205128205,0.125,0,0,0.279069767,0.230769231,0,0,0,0,0,0,0,0,0,0,0,14,0
1996,Chicago Bulls,East,40.2,84,0.478,6.6,16.5,0.403,33.5,67.6,0.496,18.2,24.4,0.746,15.2,29.4,44.6,24.8,9.1,4.2,14.3,22,105.2,35.1,78.4,0.448,5.3,15.2,0.35,29.8,63.2,0.472,17.4,24.2,0.717,12,26,38,19.4,7.3,3.8,17.1,22.6,92.9,29.9,72,10,70,12,12.24,-0.44,11.8,115.2,101.8,13.4,91.1,0.291,0.196,0.555,0.517,13.1,36.9,0.217,0.482,16.1,71.1,0.222,1,0.87804878,0.951219512,0.804878049,0.625,0.958333333,0.826086957,1,100,0.928571429,0.87037037,1,0.333333333,1.733333333,4.4,5.266666667,705,12,5.885,2.926,14,18,1,1
1996,Milwaukee Bucks,East,37,79.1,0.467,4.4,12.9,0.338,32.6,66.3,0.493,17.2,23.3,0.738,11.9,26.4,38.3,21.4,7.1,3.7,15.8,23.7,95.6,37.6,78.3,0.48,6.3,15.8,0.397,31.3,62.5,0.501,19.4,26.7,0.725,12.2,28.1,40.3,23.7,7.9,4.5,14.8,21.4,100.9,27.5,25,57,26,56,-5.3,0.38,-4.92,105.6,111.5,-5.9,90.2,0.295,0.163,0.534,0.495,15,29.7,0.218,0.52,14.1,68.4,0.248,26,0.304878049,0.341463415,0.268292683,0.375,0.264705882,0.244897959,0,0,0.365853659,0.272727273,0,0,0,0.066666667,1.266666667,0,0,0,0,0,0,13,0
1996,Phoenix Suns,West,38.5,81.4,0.473,4,12,0.332,34.5,69.4,0.498,23.3,30.1,0.771,12.3,30.5,42.8,24.4,7.6,4,14.7,21.7,104.3,39.2,83.4,0.471,6.7,18.2,0.369,32.5,65.2,0.499,18.8,25.4,0.739,12.2,29,41.3,25.5,7.1,5.1,14.5,24.5,104,27.9,41,41,42,40,0.33,-0.05,0.28,110.3,110,0.3,93.2,0.37,0.147,0.551,0.498,13.5,29.8,0.286,0.511,13.3,71.4,0.225,15,0.5,0.609756098,0.390243902,0.444444444,0.526315789,0.30952381,0.066666667,6.25,0.452380952,0.509090909,1,0.4,1.666666667,2.6,3.066666667,451,2,2.491,0,15,1,7,0
1996,Seattle SuperSonics,West,37.5,78.1,0.48,7.1,19.5,0.364,30.4,58.6,0.519,22.5,29.6,0.76,11.6,29.9,41.5,24.4,10.8,4.8,17.6,24,104.5,35,79.9,0.438,6.5,18.7,0.348,28.5,61.2,0.466,20.2,28.2,0.716,13.1,27.5,40.6,21.7,9.2,4.8,18.5,24.5,96.7,29.6,64,18,61,21,7.79,-0.4,7.4,110.3,102.1,8.2,93.8,0.379,0.249,0.574,0.526,16.2,29.7,0.288,0.479,16.7,69.5,0.252,2,0.780487805,0.926829268,0.634146341,0.5,0.789473684,0.714285714,0.866666667,50,0.744186047,0.814814815,1,0.066666667,0.866666667,1.266666667,2.066666667,410,0,0.071,0.183,5,4,1,1
1996,Utah Jazz,West,38.2,78.3,0.488,4.6,12.4,0.372,33.6,65.9,0.509,21.6,28.1,0.768,12.1,28.9,41,26.1,8.1,5.1,14.8,25,102.5,33.5,75.3,0.445,6.7,17.4,0.385,26.8,57.9,0.463,22.2,29.5,0.751,11.4,26.2,37.6,20,7.1,5,15.7,24.2,95.9,29.5,55,27,59,23,6.59,-0.34,6.25,113.3,106.1,7.2,90,0.359,0.158,0.566,0.517,14.1,31.6,0.276,0.489,15.1,71.7,0.295,5,0.670731707,0.829268293,0.512195122,0.454545455,0.822222222,0.571428571,0.666666667,25,0.674418605,0.660377358,1,0.133333333,0.8,1.8,2.4,365,0,1.807,0.033,16,5,3,1
1996,Dallas Mavericks,West,38.1,90.6,0.42,9,24.9,0.36,29.1,65.8,0.443,17.4,24.1,0.722,17.2,29,46.2,23.3,7.8,4.2,15.5,22.4,102.5,41.5,84.4,0.492,5.7,14.5,0.394,35.8,69.9,0.512,18.7,25.6,0.732,13.3,33.2,46.5,24.1,8.6,6.5,16.4,22.5,107.5,25.1,26,56,28,54,-4.9,0.19,-4.71,106.1,111.2,-5.1,95.4,0.266,0.274,0.507,0.47,13.3,34.1,0.192,0.526,14.7,68.6,0.222,24,0.317073171,0.390243902,0.243902439,0.4375,0.25,0.195652174,0,0,0.341463415,0.327272727,0,0,0,0,1.066666667,0,0,0,0,0,0,12,0
1996,Los Angeles Clippers,West,38.1,80.7,0.472,6.2,16.8,0.37,31.9,64,0.499,17,24.2,0.702,11.9,26.7,38.6,20.4,8.6,5,16.5,24.5,99.4,37.7,78.9,0.478,5.4,14.6,0.372,32.3,64.3,0.502,22.2,29.8,0.746,12.6,28.8,41.4,20.2,8.4,4.9,16.5,22.7,103,25.2,29,53,31,51,-3.6,0.13,-3.46,106.5,110.3,-3.8,93.2,0.3,0.208,0.544,0.511,15.3,29.3,0.21,0.512,15.2,67.9,0.282,23,0.353658537,0.463414634,0.243902439,0.571428571,0.323529412,0.217391304,0,0,0.372093023,0.346153846,0,0,0.133333333,0.266666667,0.266666667,0,0,0,0,0,0,11,0
1996,Miami Heat,East,35.4,77.4,0.457,6.7,17.8,0.379,28.7,59.6,0.481,18.9,26.7,0.71,12.2,30.4,42.6,21.4,7,5.4,17,26.3,96.5,33.3,76.9,0.434,5.4,15.1,0.361,27.9,61.8,0.452,22.9,30.5,0.752,12,28.2,40.2,20.1,8.1,4.9,15.7,24.8,95,27.4,42,40,45,37,1.43,0.03,1.46,105.3,103.8,1.5,91.1,0.345,0.23,0.541,0.501,16,30.1,0.245,0.469,14.8,71.8,0.298,14,0.512195122,0.634146341,0.390243902,0.4,0.552631579,0.377777778,0,6.25,0.431818182,0.5,1,0,0.133333333,0.133333333,0.133333333,233,3,0.068,0.019,2,0,8,0
1996,Atlanta Hawks,East,36.4,81.3,0.448,6.9,19.5,0.355,29.5,61.8,0.477,18.6,24.5,0.757,14.4,26.2,40.6,19.6,9.4,3.9,15,20.9,98.3,37.1,78.3,0.474,5.8,16.2,0.36,31.3,62.1,0.504,17,22.7,0.746,12.9,28,40.8,22.5,7.1,4.1,17.1,22,97.1,28.1,46,36,45,37,1.22,0.07,1.29,109.4,108,1.4,89.6,0.302,0.239,0.534,0.49,14,34,0.229,0.512,16.3,67.1,0.217,11,0.56097561,0.634146341,0.487804878,0.529411765,0.612903226,0.422222222,0.266666667,12.5,0.558139535,0.611111111,1,0,0.333333333,0.466666667,1.533333333,148,1,0.001,0.03,0,2,6,0
1996,Portland Trail Blazers,West,37.4,81.6,0.458,5.9,16.6,0.353,31.5,65,0.485,18.7,28.3,0.662,14.1,31.4,45.6,21.5,7.2,5.1,16.8,22.7,99.3,36,81.4,0.442,5.8,16.5,0.348,30.3,64.9,0.466,19.2,25.9,0.74,11.4,28.2,39.6,22.2,8.6,5,14.5,24.3,97,28.1,44,38,48,34,2.35,-0.14,2.21,106,103.5,2.5,92.6,0.347,0.203,0.528,0.494,15.2,33.4,0.23,0.478,13.5,73.4,0.236,13,0.536585366,0.634146341,0.43902439,0.388888889,0.636363636,0.404761905,0.133333333,6.25,0.477272727,0.603773585,1,0,0.133333333,2.4,2.6,236,0,0.063,0.043,1,4,6,0
1996,Golden State Warriors,West,37.3,81.7,0.456,5.5,14.6,0.373,31.8,67.1,0.474,21.6,28.5,0.759,14.3,27.9,42.2,23,8.6,5.7,16.4,22.4,101.6,39.1,82.4,0.475,5.8,16,0.365,33.3,66.4,0.501,19.1,25.6,0.746,13.6,28,41.5,25.6,8.5,4.7,16.8,23.9,103.1,27,36,46,37,45,-1.45,0.03,-1.42,108.4,109.9,-1.5,93.4,0.349,0.179,0.539,0.489,14.8,33.9,0.265,0.51,15.2,67.2,0.232,19,0.43902439,0.56097561,0.317073171,0.571428571,0.371428571,0.260869565,0,0,0.418604651,0.452830189,0,0,0,0.333333333,0.866666667,0,0,0,0,0,0,9,0
1995,Los Angeles Clippers,West,37.3,84,0.444,4,12.8,0.315,33.3,71.2,0.468,18,25.4,0.71,13,25.3,38.3,22,9.6,5.3,16.3,26.2,96.7,39.1,78.9,0.496,4.7,12.8,0.37,34.4,66.1,0.52,22.9,30.5,0.75,13.2,30.9,44.1,23.4,8.5,5.6,18.4,23.2,105.8,24.9,17,65,18,64,-9.16,0.73,-8.43,101.5,111.1,-9.6,94.3,0.302,0.153,0.508,0.468,14.6,29.6,0.214,0.526,16.6,65.7,0.29,27,0.207317073,0.317073171,0.097560976,0.4,0.156862745,0.14,0,0,0.159090909,0.245283019,0,0,0.266666667,0.266666667,0.266666667,0,0,0,0,0,0,13,0
1995,Atlanta Hawks,East,36.4,81.5,0.447,6.6,19.3,0.341,29.8,62.2,0.48,17.2,23.8,0.724,13.5,27.7,41.2,21.4,9,5,14.9,22,96.6,36.6,79.1,0.463,5.1,14.8,0.347,31.5,64.3,0.489,17,23.4,0.726,12.8,29.2,42,21.1,7.4,3.9,16.6,22.1,95.3,28.2,42,40,45,37,1.28,-0.22,1.06,106.6,105.2,1.4,89.8,0.292,0.237,0.525,0.487,13.9,31.6,0.211,0.495,15.6,68.4,0.215,14,0.512195122,0.585365854,0.43902439,0.5,0.56097561,0.302325581,0,6.25,0.441860465,0.566037736,1,0.333333333,0.333333333,0.6,1.533333333,245,0,0.001,0.03,0,1,7,0
1995,Miami Heat,East,38.3,82.2,0.467,5.3,14.4,0.369,33,67.8,0.487,19.1,26,0.736,13.3,27.7,41,21.7,8.1,3.6,15.7,24.4,101.1,37.7,80.1,0.471,6.2,17.3,0.361,31.5,62.8,0.501,21.1,28.5,0.74,12.6,28.7,41.4,22.7,8,4.7,16.2,23.1,102.8,27.1,32,50,36,46,-1.63,-0.21,-1.85,108.2,109.9,-1.7,92.9,0.317,0.175,0.54,0.499,14.4,31.7,0.233,0.51,14.9,68.7,0.264,20,0.390243902,0.536585366,0.243902439,0.272727273,0.454545455,0.266666667,0,0,0.333333333,0.418181818,0,0.133333333,0.133333333,0.133333333,0.133333333,0,0,0,0,0,0,10,0
1995,Minnesota Timberwolves,West,34,75.8,0.449,3.9,12.4,0.313,30.2,63.5,0.475,22.2,28.7,0.775,10.8,25.5,36.3,21.7,7.4,4.9,17.1,25.3,94.2,37.7,79.4,0.474,5.7,15.2,0.377,32,64.2,0.498,22.2,30.4,0.731,14.3,28.1,42.4,25.2,8.6,6.2,16.1,24.2,103.2,25.4,21,61,18,64,-9,0.78,-8.22,102.6,112.4,-9.8,91.4,0.379,0.163,0.532,0.475,16.2,27.7,0.293,0.51,14.8,64.1,0.28,25,0.256097561,0.317073171,0.195121951,0.538461538,0.111111111,0.137254902,0,0,0.238095238,0.267857143,0,0,0,0,0,0,0,0,0,0,0,12,0
1995,Sacramento Kings,West,36.9,78.8,0.468,4.4,12.6,0.346,32.5,66.2,0.491,20.1,28.3,0.711,13.1,28.4,41.4,22.2,7.9,5.6,17.7,24.9,98.2,36.1,79.9,0.453,4.6,15.1,0.304,31.5,64.7,0.487,22.4,30.2,0.741,14,27.7,41.6,22.2,9.2,6.3,16.4,24.8,99.2,26.4,39,43,38,44,-1,0.26,-0.74,105.5,106.5,-1,92.3,0.359,0.16,0.538,0.496,16.2,32.1,0.255,0.481,15,67,0.28,16,0.475609756,0.658536585,0.292682927,0.533333333,0.421052632,0.34,0,0,0.571428571,0.436363636,0,0,0,0,0,0,0,0,0,0,0,9,0
1995,Seattle SuperSonics,West,40.4,82.2,0.491,6,15.9,0.376,34.4,66.3,0.519,23.7,31.3,0.758,13,28.5,41.5,25.8,11.2,4.8,15.8,25.2,110.4,36.7,80.9,0.453,6.3,18.5,0.343,30.3,62.5,0.486,22.5,30.7,0.735,13,26.9,39.9,22.5,8,6,18.1,24.7,102.2,28.7,57,25,61,21,8.18,-0.27,7.91,114.8,106.3,8.5,95.5,0.38,0.194,0.575,0.527,14.1,32.6,0.288,0.492,16.1,68.7,0.278,5,0.695121951,0.780487805,0.609756098,0.444444444,0.844444444,0.577777778,0.066666667,6.25,0.725,0.709090909,1,0.133333333,1.066666667,1.4,2,326,0,0.039,0.145,2,2,4,0
1995,Boston Celtics,East,38.8,83.5,0.464,4.4,12,0.368,34.4,71.5,0.48,20.8,27.7,0.753,14.1,28.3,42.4,21.7,7.5,4.4,15.9,24.1,102.8,40.3,83.2,0.484,4.6,12.8,0.358,35.7,70.4,0.507,19.5,27.1,0.72,13,28.5,41.5,24.4,8,5.5,15,23.4,104.7,27.2,35,47,36,46,-1.88,-0.04,-1.92,108.6,110.6,-2,94,0.331,0.144,0.537,0.491,14.3,33.1,0.249,0.512,13.6,68.6,0.235,18,0.426829268,0.487804878,0.365853659,0.5625,0.432432432,0.282608696,0.066666667,6.25,0.380952381,0.444444444,1,0,0.466666667,0.933333333,4.266666667,129,0,0.845,0,7,0,8,0
1995,Utah Jazz,West,39.5,77.3,0.512,3.7,9.8,0.376,35.9,67.5,0.531,23.6,30.3,0.781,10.7,29.4,40.1,27.5,9.2,4.8,15.7,24.9,106.4,34.7,76.6,0.453,6.7,17.5,0.382,28,59.2,0.474,22.4,30.2,0.741,11.2,25.9,37.1,20.9,7.9,5.2,16.5,25,98.4,29.6,60,22,61,21,7.99,-0.23,7.76,114.3,105.7,8.6,92.6,0.392,0.126,0.587,0.535,14.8,29.1,0.306,0.496,15.5,72.5,0.292,2,0.731707317,0.804878049,0.658536585,0.6,0.866666667,0.644444444,0.133333333,6.25,0.76744186,0.759259259,1,0.533333333,1.266666667,1.666666667,2.533333333,492,0,1.292,0.033,16,4,2,1
1995,Orlando Magic,East,42.2,84.1,0.502,6.4,17.2,0.37,35.8,66.9,0.535,20.1,30.1,0.669,14,30,44,27.8,8.2,6,15.8,21,110.9,39.5,86.5,0.457,5.7,15.1,0.378,33.8,71.4,0.474,19,25.7,0.741,13.9,27.1,41,24.2,8.5,4.5,15,23.8,103.8,26.6,57,25,59,23,7.06,-0.62,6.44,115.1,107.8,7.3,95.1,0.357,0.205,0.569,0.539,14,34,0.239,0.49,13.3,68.4,0.22,4,0.695121951,0.951219512,0.43902439,0.5,0.787234043,0.658536585,0.733333333,50,0.813953488,0.641509434,1,0,0,0,0,242,3,0.317,0.156,1,4,1,1
1995,San Antonio Spurs,West,39.5,81.5,0.484,5.3,14.1,0.375,34.2,67.4,0.507,22.4,30.3,0.738,12.5,32.5,45,23.4,8,5.6,15.2,22.8,106.6,38.6,85,0.454,5.2,15.3,0.341,33.4,69.8,0.479,18.2,25.5,0.714,12.4,28.1,40.5,22.9,7.7,5,14.4,25.2,100.6,29,62,20,57,25,5.96,-0.06,5.9,111.7,105.4,6.3,94.6,0.372,0.173,0.562,0.516,13.8,30.9,0.275,0.485,13,72.3,0.214,1,0.756097561,0.804878049,0.707317073,0.714285714,0.864864865,0.630434783,0.6,25,0.65,0.824561404,1,0.066666667,0.4,0.866666667,1,392,2,1.946,2.854,8,11,1,1
1995,Indiana Pacers,East,36.4,76.2,0.477,4.6,12,0.38,31.8,64.2,0.496,21.9,29.1,0.751,12.8,27.9,40.7,22.9,8.6,4.4,16.3,23.6,99.2,35.6,78.1,0.456,5.8,15.9,0.364,29.8,62.2,0.479,18.5,25.5,0.726,12.8,26.3,39.1,22,8.4,5.1,16.7,25.1,95.5,28.7,52,30,52,30,3.7,-0.34,3.35,109.6,105.6,4,90,0.383,0.158,0.557,0.507,15.5,32.8,0.287,0.493,15.8,68.6,0.237,7,0.634146341,0.804878049,0.463414634,0.461538462,0.658536585,0.558139535,0.666666667,25,0.585365854,0.625,1,0.666666667,0.733333333,0.866666667,0.933333333,503,5,0.003,0,0,0,3,1
1995,Milwaukee Bucks,East,36.9,80.3,0.459,6,16.5,0.366,30.8,63.9,0.483,19.6,27.5,0.712,13,26.7,39.6,21.2,8.2,4.4,17,22.7,99.3,39.6,80.4,0.493,6,15.1,0.395,33.6,65.2,0.516,18.5,25.4,0.729,12.4,28.5,40.9,25.6,9.4,5,16.6,24.1,103.7,25.7,34,48,29,53,-4.37,0.07,-4.3,106.2,110.9,-4.7,92.7,0.343,0.205,0.537,0.496,15.5,31.3,0.244,0.53,15.3,68.3,0.23,19,0.414634146,0.536585366,0.292682927,0.625,0.206896552,0.29787234,0,0,0.395348837,0.454545455,0,0,0,0.266666667,1.466666667,0,0,0,0,0,0,9,0
1995,Washington Bullets,East,38.7,84.1,0.46,5.3,15.4,0.343,33.5,68.7,0.487,17.8,24.5,0.724,12.7,27.1,39.8,21.3,7.9,4.9,15.9,23.8,100.5,39.6,82.5,0.48,5.3,14,0.383,34.2,68.6,0.499,21.6,28.2,0.765,13.5,30.7,44.2,23.9,8.5,5.4,16.6,21.6,106.1,24.5,21,61,26,56,-5.6,0.04,-5.56,105.4,111.3,-5.9,94.5,0.292,0.183,0.529,0.492,14.3,29.3,0.211,0.512,14.9,66.7,0.262,26,0.256097561,0.317073171,0.195121951,0.4375,0.129032258,0.155555556,0,0,0.275,0.25,0,0,0,0,0.333333333,0,0,0,0,0,0,14,0
1995,Denver Nuggets,West,37.8,78.8,0.479,5,14.1,0.356,32.7,64.6,0.507,20.7,28.1,0.738,12.7,29.3,42,22.4,8,7.1,16.8,25.2,101.3,37.2,81.6,0.456,5.1,14.7,0.347,32.1,66.9,0.479,21,28,0.75,12.5,26.9,39.4,21.8,7.8,5.6,14.2,23.9,100.5,26.6,41,41,43,39,0.84,0.11,0.96,109.1,108.2,0.9,91.5,0.357,0.18,0.556,0.511,15.6,32,0.263,0.487,13.2,70.2,0.257,15,0.5,0.56097561,0.43902439,0.411764706,0.525,0.311111111,0,6.25,0.452380952,0.490909091,1,0.4,0.4,0.4,1.6,235,2,0,0.188,1,0,8,0
1995,Chicago Bulls,East,38.9,81.8,0.476,5.4,14.5,0.373,33.5,67.4,0.498,18.3,25.2,0.726,13.5,28,41.5,24,9.7,4.3,15.8,23.9,101.5,35.6,78,0.457,4.9,14,0.349,30.8,64,0.48,20.5,27.8,0.738,13,27.5,40.5,20.9,8.4,4.5,18.1,23.1,96.7,28.1,47,35,54,28,4.83,-0.51,4.32,109.5,104.3,5.2,92,0.308,0.177,0.546,0.509,14.5,32.9,0.224,0.488,16.7,68.2,0.263,10,0.573170732,0.682926829,0.463414634,0.333333333,0.731707317,0.476190476,0.333333333,12.5,0.511627907,0.592592593,1,0.4,2.4,4.666666667,5,476,12,5.758,0.805,11,10,5,0
1995,Portland Trail Blazers,West,39.2,87,0.451,5.6,15.4,0.365,33.6,71.6,0.469,19,27.2,0.697,16.5,29.8,46.3,22.5,8.1,5.7,14.8,24.7,103.1,36,78.8,0.456,5.4,14.5,0.372,30.6,64.3,0.476,21.9,29,0.754,10.8,28,38.8,21.8,7.8,4.9,15.9,23.6,99.2,29.3,44,38,52,30,3.82,-0.02,3.8,109.7,105.7,4,93.8,0.313,0.177,0.521,0.483,13,37.1,0.218,0.491,14.8,73.5,0.277,12,0.536585366,0.634146341,0.43902439,0.4,0.613636364,0.355555556,0,6.25,0.536585366,0.553571429,1,0.066666667,1,2.4,2.866666667,576,3,0.089,0.043,1,4,7,0
1995,Dallas Mavericks,West,39.4,89.5,0.44,4.7,14.6,0.322,34.6,74.9,0.463,19.8,27,0.734,18.5,29.7,48.1,23.7,7.1,4.2,16.4,22.1,103.2,41.5,85.1,0.488,5.3,14.4,0.366,36.3,70.7,0.513,17.7,24.2,0.734,12.8,29,41.9,24.3,8.8,6.1,15.2,23.5,106.1,24.3,36,46,33,49,-2.9,0.51,-2.39,107.6,110.6,-3,94.7,0.301,0.163,0.509,0.466,13.9,38.9,0.221,0.519,13.7,69.8,0.208,17,0.43902439,0.463414634,0.414634146,0.526315789,0.333333333,0.333333333,0,0,0.390243902,0.403508772,0,0,0,0,1.133333333,0,0,0,0,0,0,10,0
1995,Houston Rockets,West,38.5,80.2,0.48,7.9,21.4,0.368,30.6,58.8,0.521,18.6,24.9,0.749,10.7,29.8,40.5,25.1,8.8,6.3,16.1,20.9,103.5,39,86.1,0.453,6.2,16.4,0.376,32.9,69.7,0.472,17.2,22.9,0.751,14.2,29.1,43.3,23.7,9.1,4.5,15.5,21.7,101.4,28.5,47,35,47,35,2.12,0.2,2.32,109.7,107.4,2.3,94.2,0.31,0.267,0.568,0.529,15,26.9,0.232,0.489,13.9,67.7,0.199,11,0.573170732,0.609756098,0.536585366,0.384615385,0.6,0.413043478,1,100,0.634146341,0.527272727,1,1,1.4,1.533333333,2.933333333,405,7,2.953,1.779,12,7,6,0
1995,Los Angeles Lakers,West,40,86.4,0.463,6.4,18.2,0.352,33.6,68.2,0.493,18.6,25.3,0.735,13.7,28.2,42,25.3,9.1,6.9,15.2,23.6,105.1,40.2,86,0.468,5.6,15.8,0.352,34.7,70.2,0.494,19.3,27.2,0.708,15.6,30.2,45.8,26.9,7.9,6,17,22,105.3,25.9,48,34,40,42,-0.22,0.21,-0.01,109.1,109.4,-0.3,95.2,0.292,0.21,0.539,0.5,13.4,31.3,0.215,0.5,14.8,64.4,0.224,9,0.585365854,0.707317073,0.463414634,0.8,0.538461538,0.533333333,0.333333333,12.5,0.65,0.553571429,1,0,0.2,2,5.533333333,181,0,0,0,0,0,5,0
1995,Golden State Warriors,West,39.2,83.8,0.468,6.7,19.5,0.341,32.6,64.3,0.507,20.6,29.2,0.704,13.4,28.9,42.3,24.6,7.9,4.8,18.3,22,105.7,43,88.2,0.488,6,16.9,0.355,37,71.3,0.519,19.1,26.5,0.72,14.6,30.8,45.4,28.6,10.5,5,16.2,26,111.1,26,26,56,27,55,-5.41,0.51,-4.9,106.7,112.2,-5.5,97.9,0.348,0.233,0.547,0.508,15.9,30.3,0.245,0.522,13.9,66.5,0.216,23,0.317073171,0.365853659,0.268292683,0.416666667,0.255813953,0.3,0,0,0.3,0.290909091,0,0,0.066666667,0.6,0.866666667,0,0,0,0,0,0,11,0
1995,New Jersey Nets,East,35.8,82.2,0.436,5,15.8,0.319,30.8,66.4,0.464,21.3,28.1,0.759,14.8,31.3,46.1,23,6.6,6.7,15.9,22.5,98.1,38.8,84.2,0.461,5.4,14.3,0.374,33.4,69.9,0.479,18.2,25.3,0.721,12.9,29.7,42.6,22.3,8.9,5.4,13.5,23.3,101.2,27.5,30,52,32,50,-3.13,-0.14,-3.28,105.2,108.6,-3.4,92.3,0.342,0.192,0.519,0.467,14.4,33.3,0.26,0.493,12.4,70.9,0.217,21,0.365853659,0.487804878,0.243902439,0.470588235,0.333333333,0.222222222,0,0,0.369565217,0.352941176,0,0.066666667,0.266666667,0.266666667,0.266666667,0,0,0,0,0,0,11,0
1995,Philadelphia 76ers,East,36,80.2,0.448,4.3,11.4,0.379,31.6,68.8,0.46,19.1,25.9,0.737,13.5,27.2,40.7,19.1,7.8,7,16.5,22.4,95.4,37.8,81.3,0.465,5.7,15.7,0.363,32.1,65.6,0.49,19.1,25.1,0.763,13.9,28.3,42.2,24.3,8.7,5.1,15.8,22.7,100.4,25.1,24,58,27,55,-5.07,0.01,-5.06,104.1,109.7,-5.6,91,0.323,0.142,0.521,0.475,15.3,32.3,0.238,0.5,14.6,66.1,0.235,24,0.292682927,0.341463415,0.243902439,0.214285714,0.257142857,0.177777778,0,0,0.279069767,0.259259259,0,0,0,0.533333333,1.6,0,0,0,0,0,0,13,0
1995,Phoenix Suns,West,40.9,85,0.482,7.1,19.3,0.369,33.8,65.6,0.515,21.7,28.7,0.756,12.5,29.3,41.8,26.8,8.4,3.8,14.2,22.4,110.6,40.5,84.9,0.477,6.4,18.8,0.34,34.1,66.1,0.516,19.4,26.1,0.744,12.7,29.6,42.3,26.2,8,4.8,15.7,24.7,106.8,29.2,59,23,51,31,3.88,-0.02,3.86,114.5,110.4,4.1,95.9,0.338,0.227,0.567,0.524,12.7,29.7,0.255,0.515,14,69.8,0.228,3,0.719512195,0.780487805,0.658536585,0.8,0.682926829,0.644444444,0.4,12.5,0.790697674,0.703703704,1,0.4,1.533333333,2.666666667,2.666666667,646,4,2.399,0.01,14,3,3,1
1995,Charlotte Hornets,East,37.2,78.5,0.474,6.8,17.2,0.397,30.4,61.3,0.495,19.4,24.9,0.777,10.1,29.2,39.4,25.3,7.6,4.9,14.9,20.5,100.6,37.7,83,0.454,5.2,15.7,0.333,32.4,67.3,0.482,16.8,22.7,0.74,13.4,28.8,42.3,23.1,6.5,4.5,14.8,22.7,97.3,28,50,32,50,32,3.28,-0.41,2.87,109.6,106.1,3.5,91.2,0.317,0.219,0.562,0.517,14.3,26,0.247,0.485,13.8,68.5,0.202,8,0.609756098,0.707317073,0.512195122,0.384615385,0.609756098,0.476190476,0.066666667,6.25,0.627906977,0.62962963,1,0,0.266666667,0.266666667,0.266666667,299,3,0.287,0,3,0,4,0
1995,New York Knicks,East,36.4,78,0.467,6.5,17.6,0.368,29.9,60.3,0.496,18.9,25.8,0.734,11.3,30.2,41.5,25.1,7.2,4.7,15.9,25.6,98.2,34.1,78.2,0.437,4.8,14.2,0.341,29.3,64,0.458,22,29.9,0.736,12.5,28.3,40.7,19.3,7.8,4,15.4,23.3,95.1,29.4,55,27,50,32,3.11,-0.33,2.78,107.2,103.8,3.4,91.2,0.331,0.226,0.55,0.508,15.1,28.6,0.243,0.468,14.4,70.8,0.281,6,0.670731707,0.707317073,0.634146341,0.5,0.65,0.487804878,0.4,12.5,0.666666667,0.727272727,1,0.933333333,1.933333333,2.533333333,2.6,524,0,1.154,0.19,6,6,2,1
1995,Detroit Pistons,East,37.3,80.9,0.461,6,17,0.354,31.3,63.9,0.49,17.5,23.7,0.741,11.7,26.9,38.6,22.8,8.6,5.1,16.1,26.2,98.2,38,80,0.476,5.5,15.1,0.363,32.6,64.9,0.502,23.9,33.2,0.722,14,29.7,43.6,24.5,8.5,5.4,15.7,21.3,105.5,26.9,28,54,22,60,-7.29,0.21,-7.08,105.1,112.9,-7.8,93.2,0.293,0.21,0.538,0.499,15,28.3,0.217,0.51,14.2,65.8,0.299,22,0.341463415,0.536585366,0.146341463,0.555555556,0.170212766,0.212765957,0,0,0.35,0.339285714,0,0,0.133333333,2.6,4.6,0,0,0,0,0,0,12,0
1995,Cleveland Cavaliers,East,33.6,76.3,0.441,4.9,12.6,0.385,28.8,63.7,0.452,18.4,24.2,0.76,12.7,27.3,40,20.4,7.7,4.3,14.3,20.7,90.5,34.2,74.2,0.461,4.8,13.5,0.357,29.4,60.7,0.484,16.6,22,0.757,10.4,27.4,37.8,22.1,6.8,5.3,14.8,21.6,89.8,28.3,43,39,43,39,0.62,-0.07,0.55,105.3,104.6,0.7,84.8,0.317,0.165,0.52,0.472,14.2,31.8,0.241,0.493,15,72.4,0.224,13,0.524390244,0.634146341,0.414634146,0.555555556,0.53125,0.431818182,0.066666667,6.25,0.619047619,0.425925926,1,0,0.8,1.066666667,1.266666667,357,1,0.107,0,4,0,6,0
1994,Boston Celtics,East,40.6,86.1,0.472,1.7,5.8,0.289,39,80.2,0.486,17.8,24.4,0.73,12.6,29,41.7,23.5,8.2,5.4,15.1,22.5,100.8,40.9,85.8,0.477,2.8,8.1,0.347,38.1,77.7,0.491,20.4,27,0.754,13.8,30.6,44.4,25.5,8.4,5,15.5,21.2,105.1,27.8,32,50,29,53,-4.28,0.01,-4.28,104.2,108.7,-4.5,95.6,0.284,0.068,0.521,0.482,13.5,29.3,0.207,0.494,13.7,67.8,0.238,19,0.390243902,0.43902439,0.341463415,0.363636364,0.285714286,0.240740741,0,0,0.465116279,0.377358491,0,0.066666667,0.8,1.533333333,5.266666667,0,0,0,0,0,0,10,0
1994,Chicago Bulls,East,39.6,83.1,0.476,2.8,8,0.354,36.7,75.1,0.489,16,22.7,0.705,13.9,29.2,43.1,25.6,9,4.3,15.9,21.3,98,36.9,79.8,0.463,3.1,9.5,0.323,33.9,70.3,0.482,17.9,24.2,0.74,12,27.3,39.3,22.4,8.9,4.6,16.3,21,94.9,27.7,55,27,50,32,3.09,-0.22,2.87,106.1,102.7,3.4,91.9,0.273,0.097,0.526,0.493,14.6,33.8,0.192,0.482,15.3,70.8,0.225,6,0.670731707,0.756097561,0.585365854,0.764705882,0.609756098,0.568627451,0.4,12.5,0.707317073,0.672727273,1,1,3,4.533333333,4.6,594,18,0.033,0.041,2,4,3,1
1994,Seattle SuperSonics,West,40.7,84.2,0.484,3,8.8,0.335,37.8,75.4,0.501,21.6,29,0.745,14,27.2,41.2,25.8,12.8,4.5,15.4,23.3,105.9,35.7,78.8,0.453,4,11.5,0.345,31.7,67.2,0.472,21.5,29,0.741,13.2,26.7,39.9,22,8.4,5.1,20.3,23,96.9,28.1,63,19,64,18,9.09,-0.41,8.68,111.1,101.5,9.6,95.1,0.344,0.105,0.547,0.501,13.7,34.4,0.256,0.479,18.2,67.3,0.272,1,0.768292683,0.902439024,0.634146341,0.642857143,0.895833333,0.653061224,0.133333333,6.25,0.775,0.719298246,1,0.666666667,1.066666667,1.4,2,410,0,0.002,0.026,0,0,1,1
1994,Atlanta Hawks,East,39.6,85.8,0.461,3.3,10.1,0.323,36.3,75.7,0.48,19,25.2,0.752,15.2,29.5,44.8,25.1,11.2,5.5,15.3,19.8,101.4,38.6,84.8,0.455,3.4,10.6,0.315,35.2,74.2,0.475,15.7,21.1,0.742,14.1,28.8,42.9,23.1,7.8,4.1,17.9,21,96.2,28.7,57,25,56,26,5.27,-0.33,4.94,107.2,101.7,5.5,94.2,0.294,0.118,0.523,0.48,13.6,34.6,0.221,0.475,16,67.7,0.185,3,0.695121951,0.87804878,0.512195122,0.615384615,0.736842105,0.549019608,0.333333333,12.5,0.731707317,0.678571429,1,0,0.133333333,0.666666667,1.333333333,199,0,0.001,0,1,0,1,1
1994,Indiana Pacers,East,38.6,79.5,0.486,2.2,6.1,0.368,36.4,73.4,0.496,21.5,29.1,0.738,13.8,29.4,43.2,25.1,8.6,5.6,17.6,24.1,101,36.3,80.7,0.45,3.3,9.9,0.335,33,70.7,0.466,21.6,29.5,0.73,13.8,26.3,40.1,23.2,10.1,4.7,16.3,24.2,97.5,27.2,47,35,51,31,3.45,-0.19,3.26,107.8,104.2,3.6,93.3,0.366,0.077,0.547,0.5,16,34.4,0.27,0.471,14.9,68,0.267,12,0.573170732,0.707317073,0.43902439,0.357142857,0.736842105,0.450980392,0.666666667,25,0.425,0.660714286,1,0.066666667,0.2,0.2,0.266666667,279,3,0,0,0,0,6,0
1994,Houston Rockets,West,39,82.1,0.475,5.2,15.7,0.334,33.8,66.4,0.508,17.9,24.1,0.743,11.3,31.9,43.2,25.5,8.7,5.9,16.3,20.1,101.1,38.4,87.4,0.44,3.1,10.3,0.306,35.3,77.1,0.458,16.8,22.8,0.736,13.9,29.7,43.6,23.2,9.4,3.8,14.9,21.3,96.8,28.1,58,24,53,29,4.32,-0.12,4.19,105.9,101.4,4.5,95,0.294,0.191,0.545,0.507,15,27.6,0.218,0.458,13.3,69.7,0.192,2,0.707317073,0.853658537,0.56097561,0.8,0.636363636,0.64,1,100,0.756097561,0.62962963,1,0.4,0.4,0.6,1.933333333,240,1,1.298,1.538,7,6,2,1
1994,Dallas Mavericks,West,37.3,86.2,0.432,2.9,9.4,0.312,34.3,76.8,0.447,17.7,23.7,0.747,15.5,26.2,41.7,19.9,9.4,3.6,17,24.5,95.1,39.2,79.4,0.494,3,8.4,0.362,36.1,71,0.509,22.5,30.5,0.737,13.4,30.5,44,24,9.5,6.2,17.4,20.1,103.8,25.3,13,69,19,63,-8.7,0.5,-8.19,100.4,109.6,-9.2,94.5,0.275,0.109,0.492,0.449,15,33.7,0.205,0.513,15.8,66.1,0.283,27,0.158536585,0.146341463,0.170731707,0.272727273,0.11627907,0.074074074,0,0,0.069767442,0.196428571,0,0,0,0.666666667,1.4,0,0,0,0,0,0,13,0
1994,Denver Nuggets,West,38.5,82.7,0.465,2.1,7.3,0.285,36.4,75.4,0.483,21.2,29.5,0.718,13.5,31.2,44.7,21.5,8.3,8.4,17.3,23.5,100.3,37.4,85.4,0.438,2.5,8.7,0.29,34.8,76.6,0.455,21.5,28.6,0.75,13.6,28.4,42.1,21.3,8.8,6.1,15.2,23.9,98.8,24.8,42,40,45,37,1.49,0.05,1.54,103.9,102.3,1.6,96.1,0.357,0.088,0.524,0.478,15.3,32.2,0.256,0.453,13.4,69.6,0.252,15,0.512195122,0.682926829,0.341463415,0.333333333,0.567567568,0.4,0.4,12.5,0.487804878,0.509090909,1,0,0,0.333333333,1.333333333,23,0,0,0,0,0,8,0
1994,Philadelphia 76ers,East,37.8,83.2,0.455,3.9,11.5,0.338,34,71.7,0.474,18.4,25.8,0.714,12.3,29.2,41.5,22.3,8.1,6.4,16.7,18.1,98,43.3,89.5,0.484,3.2,9.7,0.331,40.1,79.8,0.502,15.8,21.3,0.744,14.7,31.8,46.5,28.7,9.8,4.7,14.5,21.1,105.6,27.2,25,57,21,61,-7.62,0.25,-7.37,101.7,109.7,-8,95.7,0.31,0.138,0.518,0.478,15,28,0.221,0.502,12.8,66.6,0.177,22,0.304878049,0.365853659,0.243902439,0.416666667,0.272727273,0.222222222,0,0,0.428571429,0.272727273,0,0,0.266666667,0.533333333,1.733333333,0,0,0,0,0,0,11,0
1994,Milwaukee Bucks,East,37.1,83,0.447,4,12.4,0.325,33.1,70.6,0.469,18.7,26.6,0.702,13.7,26.3,40,23.7,9.8,5,16.4,22.2,96.9,39.7,80.8,0.491,3.5,9.6,0.362,36.2,71.2,0.509,20.5,27.9,0.737,13.2,30.4,43.7,25.5,9.4,5.1,17.3,21.7,103.4,26.1,20,62,24,58,-6.48,0.24,-6.24,102.5,109.3,-6.8,94.5,0.32,0.15,0.512,0.471,14.7,31.1,0.225,0.513,15.7,66.5,0.254,25,0.243902439,0.268292683,0.219512195,0.533333333,0.151515152,0.163636364,0,0,0.285714286,0.222222222,0,0,0,0.4,2,0,0,0,0,0,0,14,0
1994,Detroit Pistons,East,38.6,85.6,0.452,4.4,12.7,0.344,34.3,72.9,0.47,15.3,20.9,0.731,12.5,28.3,40.8,21.5,7.3,3.8,15.1,23.6,96.9,39.7,83.9,0.473,3.3,9.9,0.334,36.4,74,0.492,22,29.9,0.736,14.5,31.6,46.1,25.6,8.8,4.5,14.3,19.5,104.7,27.5,20,62,21,61,-7.78,0.33,-7.46,102.7,110.9,-8.2,94.2,0.244,0.148,0.511,0.477,13.7,28.4,0.179,0.493,12.8,66.1,0.262,24,0.243902439,0.243902439,0.243902439,0.4,0.131578947,0.181818182,0,0,0.214285714,0.218181818,0,0,0.6,3.533333333,4.733333333,0,0,0,0,0,0,13,0
1994,San Antonio Spurs,West,38.8,81.6,0.475,3,8.7,0.349,35.7,72.9,0.49,19.5,26.2,0.742,14.5,31.7,46.2,23.1,6.8,5.5,14.6,20.3,100,37.4,83.9,0.446,3.5,10.6,0.333,33.9,73.3,0.462,16.5,22.9,0.719,13.3,26.3,39.5,21.6,7.7,4.2,12.4,21.8,94.8,29,55,27,56,26,5.26,-0.21,5.05,110.4,104.6,5.8,90.1,0.322,0.107,0.537,0.494,13.6,35.6,0.239,0.467,11.7,70.5,0.196,7,0.670731707,0.780487805,0.56097561,0.333333333,0.733333333,0.54,0.066666667,6.25,0.674418605,0.698113208,1,0.333333333,0.4,0.8,0.933333333,384,2,1.222,2.544,8,9,4,0
1994,Sacramento Kings,West,38.8,85.7,0.452,3.1,8.9,0.353,35.6,76.8,0.464,20.4,28,0.731,13.7,28.6,42.3,24.7,8.2,4.3,16.3,24.1,101.1,41,85.6,0.479,3.4,9.4,0.359,37.6,76.2,0.494,21.5,29.9,0.722,14.5,31.4,45.9,25,9.1,6.1,16.4,23.1,106.9,26.7,28,54,26,56,-5.77,0.44,-5.32,103.3,109.2,-5.9,97.5,0.326,0.104,0.516,0.471,14.2,30.4,0.239,0.499,14.2,66.4,0.252,20,0.341463415,0.487804878,0.195121951,0.5,0.222222222,0.203703704,0,0,0.292682927,0.363636364,0,0,0,0,0,0,0,0,0,0,0,10,0
1994,Utah Jazz,West,39.1,82.1,0.477,2.2,6.8,0.32,36.9,75.2,0.491,21.5,29,0.74,12.9,29.1,42,26.6,9.2,4.4,14.5,24.2,101.9,36.3,81,0.448,3.5,11.8,0.299,32.7,69.2,0.473,21.6,29.8,0.725,13.4,28.4,41.8,22,7.2,5.6,16.1,23.4,97.7,29.4,53,29,53,29,4.22,-0.12,4.1,108.6,104.1,4.5,93.1,0.354,0.083,0.537,0.49,13.3,31.3,0.262,0.469,14.6,68.4,0.267,8,0.646341463,0.804878049,0.487804878,0.6,0.769230769,0.54,0.533333333,25,0.651162791,0.611111111,1,0.133333333,1,1.533333333,2.333333333,331,0,1.274,0.033,14,4,5,0
1994,Miami Heat,East,39,84.1,0.464,4.1,12.2,0.338,34.9,71.9,0.485,21.3,27.1,0.785,15.1,29.4,44.4,22.6,7.8,4.6,16,24.7,103.4,37,81,0.457,3.6,10.9,0.331,33.4,70.1,0.477,23,30.8,0.748,13.1,27.6,40.7,22.2,8.4,5.3,16,23.7,100.7,26,42,40,48,34,2.67,-0.27,2.4,109.5,106.7,2.8,93.8,0.322,0.145,0.538,0.488,14.3,35.3,0.253,0.479,14.5,69.1,0.284,16,0.512195122,0.536585366,0.487804878,0.25,0.65,0.38,0.133333333,6.25,0.487804878,0.526315789,1,0,0,0,0,130,2,0,0,0,0,8,0
1994,Minnesota Timberwolves,West,36.4,79.7,0.457,2.2,6.8,0.329,34.2,72.9,0.469,21.7,28.1,0.772,12.1,28.6,40.6,24,7.3,5.4,18,24.6,96.7,39.6,83.8,0.472,2.8,9,0.308,36.8,74.8,0.492,21.7,29.9,0.727,13.4,28,41.4,25.7,10,6.7,14.2,22.6,103.6,26.2,20,62,23,59,-6.93,0.38,-6.55,101.9,109.2,-7.3,94.7,0.352,0.085,0.525,0.471,16.4,30.1,0.272,0.488,12.8,68,0.259,26,0.243902439,0.317073171,0.170731707,0.428571429,0.181818182,0.148148148,0,0,0.341463415,0.222222222,0,0,0,0,0,0,0,0,0,0,0,12,0
1994,Golden State Warriors,West,42.8,87.1,0.492,3.5,10.5,0.339,39.3,76.7,0.512,18.6,28.1,0.664,14.4,29.2,43.6,26.8,9.8,6.2,17.5,21.8,107.9,41.8,89.4,0.468,3.7,10.6,0.351,38.1,78.8,0.483,18.8,25.7,0.731,16.1,29.4,45.5,26.6,10.3,5,17.4,22.8,106.1,25,50,32,46,36,1.74,0.01,1.76,108.3,106.5,1.8,99.1,0.322,0.12,0.542,0.512,14.9,32.9,0.214,0.488,14.7,64.4,0.21,9,0.609756098,0.707317073,0.512195122,0.785714286,0.523809524,0.469387755,0,6.25,0.56097561,0.654545455,1,0,0.333333333,0.6,0.866666667,64,0,0.088,0,4,0,6,0
1994,Orlando Magic,East,40.7,83.9,0.485,4.8,13.9,0.347,35.9,70.1,0.513,19.4,28.6,0.678,14.4,28.7,43.1,25.2,8.3,5.6,16.2,20.9,105.7,39.8,86.9,0.458,3.6,10.3,0.349,36.2,76.6,0.473,18.6,25,0.745,14.6,28.1,42.7,25.6,9.2,5.4,15,22.5,101.8,25.8,50,32,52,30,3.89,-0.21,3.68,110.8,106.7,4.1,95.2,0.341,0.165,0.547,0.514,14.4,33.8,0.231,0.479,13.3,66.3,0.214,10,0.609756098,0.756097561,0.463414634,0.5,0.743589744,0.549019608,0,6.25,0.604651163,0.62962963,1,0,0,0,0,98,0,0.031,0.146,0,2,4,0
1994,Los Angeles Clippers,West,40.8,87.4,0.467,3.1,10.1,0.303,37.7,77.2,0.488,18.4,26,0.709,13.7,29.4,43,26.5,9.8,5.1,18,21.6,103,42.8,90.5,0.473,3.8,10.8,0.349,39.1,79.7,0.49,19.3,26.9,0.717,16.4,31.3,47.8,27.1,11,5.8,16.6,21.8,108.7,27,27,55,26,56,-5.72,0.44,-5.28,102.9,108.6,-5.7,99.6,0.297,0.116,0.521,0.484,15.4,30.4,0.211,0.494,14,64.1,0.213,21,0.329268293,0.414634146,0.243902439,0.45,0.263157895,0.222222222,0,0,0.365853659,0.290909091,0,0.133333333,0.266666667,0.266666667,0.266666667,0,0,0,0,0,0,11,0
1994,Cleveland Cavaliers,East,38.2,82.1,0.465,3.6,9.9,0.362,34.6,72.2,0.48,21.2,27.5,0.77,13.3,28.7,42,25,8.6,5.2,13.9,20.7,101.2,38.2,82.2,0.464,3.1,8.9,0.354,35,73.3,0.478,17.6,24,0.735,12.9,28.5,41.4,24.5,7.7,5.6,15.8,21.9,97.1,27.9,47,35,52,30,4.02,-0.39,3.64,109.4,105.1,4.3,91.7,0.335,0.121,0.537,0.487,12.8,31.8,0.258,0.484,14.5,69,0.215,11,0.573170732,0.756097561,0.390243902,0.090909091,0.627906977,0.44,0,6.25,0.5,0.636363636,1,0.2,0.8,1.2,1.266666667,229,0,0.1,0,3,0,5,0
1994,Los Angeles Lakers,West,40.1,89.2,0.45,2.9,9.8,0.3,37.2,79.4,0.468,17.2,24,0.717,15.4,26.9,42.2,24.2,9.2,5.6,14.6,22.9,100.4,40.7,85.5,0.476,2.8,8.8,0.315,37.9,76.6,0.495,20.5,28.6,0.717,15.7,30.9,46.5,26.4,8.1,5.2,16.4,20.2,104.7,26.5,33,49,29,53,-4.29,0.36,-3.93,104.8,109.3,-4.5,95.5,0.269,0.11,0.503,0.466,12.8,33.2,0.193,0.492,14.3,63.2,0.24,18,0.402439024,0.512195122,0.292682927,0.588235294,0.2,0.277777778,0,0,0.35,0.444444444,0,0.133333333,1,3,6.466666667,0,0,0,0,0,0,9,0
1994,New York Knicks,East,37.8,82.1,0.46,3.9,11.1,0.348,33.9,71.1,0.477,19.1,25.6,0.746,14.3,31,45.3,25.2,9.2,4.7,16.6,24.4,98.5,33.9,78.7,0.431,3.1,10.1,0.307,30.9,68.6,0.45,20.5,28.5,0.719,12.4,27.4,39.8,20.5,8.3,4.1,17.3,23.1,91.5,28.9,57,25,60,22,6.99,-0.5,6.48,105.7,98.2,7.5,92.8,0.311,0.135,0.527,0.483,15.1,34.4,0.232,0.451,16,71.4,0.261,4,0.695121951,0.780487805,0.609756098,0.454545455,0.760869565,0.54,0.933333333,50,0.731707317,0.684210526,1,0.6,1,1.666666667,2.066666667,354,0,0.903,0.17,6,5,2,1
1994,Charlotte Hornets,East,41.2,86.6,0.476,4.1,11.2,0.367,37.1,75.4,0.493,19.9,26,0.764,12.4,30.2,42.6,27,8.8,4.8,15.4,21.3,106.5,42.2,89.7,0.471,3.9,11.2,0.346,38.4,78.6,0.488,18.4,24.8,0.74,14.8,30.1,44.9,25.8,7.7,5.2,15.4,21.5,106.7,27.6,41,41,40,42,-0.22,-0.01,-0.23,108.4,108.6,-0.2,97.5,0.301,0.129,0.543,0.5,13.6,29.2,0.23,0.492,13.2,67,0.205,17,0.5,0.682926829,0.317073171,0.727272727,0.487804878,0.352941176,0,0,0.523809524,0.462962963,0,0.266666667,0.266666667,0.266666667,0.266666667,0,0,0,0,0,0,9,0
1994,Portland Trail Blazers,West,41.1,90.6,0.454,3.3,9.4,0.353,37.8,81.2,0.466,21.7,29.2,0.743,15.9,30,45.9,25.2,9.1,5,14.8,22.3,107.3,40.4,86.1,0.469,3.6,10.1,0.357,36.8,75.9,0.484,20.3,27,0.75,12.4,30.3,42.6,25.5,8,4.8,17,23.7,104.6,28.6,47,35,48,34,2.63,-0.04,2.6,108.1,105.5,2.6,98.8,0.323,0.104,0.518,0.472,12.5,34.4,0.24,0.49,14.8,70.8,0.235,13,0.573170732,0.731707317,0.414634146,0.466666667,0.609756098,0.408163265,0.066666667,6.25,0.595238095,0.555555556,1,0.066666667,1.533333333,2.4,2.933333333,482,0,0.864,0.056,5,4,7,0
1994,Phoenix Suns,West,41.8,86.3,0.484,4.2,12.7,0.33,37.6,73.6,0.511,20.4,28.1,0.728,14.9,29.9,44.8,27.6,9.1,5.6,15.9,20,108.2,41.2,87,0.474,3.5,10.5,0.328,37.8,76.5,0.494,17.5,24.4,0.72,13.2,27.4,40.6,26.3,9.1,5.3,15.3,22.8,103.4,28.7,56,26,54,28,4.84,-0.17,4.68,111.7,106.8,4.9,96.7,0.325,0.147,0.548,0.509,13.9,35.2,0.236,0.493,13.5,69.3,0.202,5,0.682926829,0.87804878,0.487804878,0.533333333,0.714285714,0.591836735,0.4,12.5,0.682926829,0.625,1,0.866666667,1.2,2.266666667,2.866666667,676,4,2.393,0.01,12,3,3,1
1994,New Jersey Nets,East,38.6,86.8,0.445,2.7,8.3,0.327,35.9,78.4,0.458,23.2,30.4,0.762,15.9,31.2,47,23.2,8.5,7,14.6,20.6,103.2,39.8,86.9,0.458,2.9,9,0.318,37,77.9,0.475,18.5,24.9,0.743,13.9,30.8,44.8,23.4,8.7,7.1,15.2,23.2,101,26.6,45,37,47,35,2.2,-0.08,2.11,107.2,104.9,2.3,95.5,0.351,0.096,0.515,0.461,12.7,34,0.267,0.475,13.5,69.1,0.212,14,0.548780488,0.707317073,0.390243902,0.5,0.56097561,0.431372549,0.066666667,6.25,0.463414634,0.618181818,1,0.133333333,0.2,0.2,0.533333333,187,1,0,0,1,1,7,0
1994,Washington Bullets,East,39,83.2,0.468,2.7,9.1,0.297,36.3,74.2,0.489,19.7,26.4,0.748,13.1,26.7,39.8,22.2,8.5,3.9,17.1,20.9,100.4,43.5,85.7,0.508,3.1,8.8,0.349,40.5,76.9,0.526,17.6,24.3,0.723,13.6,28.8,42.5,25.8,9.9,5.7,15.7,22.2,107.7,25.8,24,58,22,60,-7.38,0.25,-7.13,104.5,112.2,-7.7,95.9,0.317,0.109,0.529,0.484,15.3,31.2,0.237,0.526,14,66.2,0.206,23,0.292682927,0.414634146,0.170731707,0.444444444,0.1875,0.166666667,0,0,0.341463415,0.296296296,0,0,0,0.133333333,0.4,0,0,0,0,0,0,12,0
1993,Charlotte Hornets,East,42.8,87.9,0.487,2.1,6.5,0.326,40.7,81.4,0.5,22.3,29,0.771,13.4,30.6,43.9,26.4,7.8,5.8,16.2,21.8,110.1,44.3,93.9,0.472,2.9,9.2,0.311,41.5,84.7,0.49,18.9,25.4,0.744,16.5,29.3,45.8,27.8,7.3,5.3,15.2,23.5,110.4,25.7,44,38,40,42,-0.24,0.22,-0.02,109.5,109.7,-0.2,100.2,0.329,0.074,0.547,0.499,13.8,31.3,0.254,0.487,12.6,65,0.201,11,0.536585366,0.536585366,0.536585366,0.666666667,0.424242424,0.346938776,0.266666667,12.5,0.5,0.545454545,1,0,0,0,0,113,0,0,0,0,0,5,0
1993,Sacramento Kings,West,41,88.6,0.463,3.2,9.6,0.332,37.8,79,0.478,22.7,29.8,0.762,13.9,27.8,41.7,25.3,9.4,4.2,16.6,25.4,107.9,41.7,85.7,0.487,2.6,8.3,0.313,39.1,77.4,0.506,25,33.1,0.758,13.9,31.2,45.1,25.3,9.4,6.7,17.9,24.5,111.1,26.5,25,57,33,49,-3.17,0.17,-3,106.5,109.6,-3.1,100.8,0.337,0.108,0.53,0.481,14.1,30.7,0.257,0.502,15.1,66.7,0.292,24,0.304878049,0.390243902,0.219512195,0.333333333,0.315789474,0.2,0,0,0.390243902,0.267857143,0,0,0,0,0,0,0,0,0,0,0,11,0
1993,Orlando Magic,East,39.7,81.8,0.486,3.9,10.8,0.357,35.9,71,0.505,22.2,30.4,0.73,12.7,31.3,44,23.8,6.6,5.7,17.4,23.5,105.5,40.3,88.5,0.456,3,9.2,0.329,37.3,79.3,0.471,20.5,28.1,0.729,14.2,27.7,41.9,25.5,8.7,4.9,13.6,24.1,104.2,25.8,41,41,45,37,1.32,0.03,1.35,108.5,107.1,1.4,96.3,0.372,0.133,0.554,0.509,15.5,31.4,0.271,0.473,11.9,68.8,0.232,16,0.5,0.658536585,0.341463415,0.4375,0.5625,0.416666667,0,0,0.486486486,0.482758621,0,0,0,0,0,0,0,0,0,0,0,9,0
1993,Philadelphia 76ers,East,39.3,86.3,0.456,4,11.5,0.351,35.3,74.8,0.472,21.7,27.5,0.786,12.6,29.6,42.2,24.9,8.2,6.9,16.6,19.6,104.3,44.7,92,0.486,3.4,9.5,0.358,41.3,82.5,0.5,17.3,22.9,0.755,15.3,32.1,47.5,29.3,9.5,6,15.7,21.8,110.1,27.1,26,56,26,56,-5.77,0.51,-5.25,104.6,110.4,-5.8,98.5,0.319,0.133,0.53,0.479,14.4,28.1,0.251,0.504,13.3,65.9,0.188,23,0.317073171,0.365853659,0.268292683,0.555555556,0.275,0.203703704,0,0,0.414634146,0.315789474,0,0,0.533333333,0.666666667,2.733333333,0,0,0,0,0,0,13,0
1993,Detroit Pistons,East,39.8,87.9,0.453,3.6,11.1,0.322,36.3,76.9,0.472,17.4,23.9,0.729,15.8,28.2,44,23.7,7.1,3,14,21.3,100.6,40.5,84.2,0.481,3.2,9.4,0.339,37.3,74.8,0.499,17.8,24.2,0.736,13.4,29.8,43.2,25,7.6,4.4,14.9,22,102,29.9,40,42,37,45,-1.39,0.29,-1.1,107.4,108.9,-1.5,93.2,0.271,0.126,0.511,0.473,12.5,34.6,0.198,0.5,13.5,67.8,0.212,17,0.487804878,0.682926829,0.292682927,0.529411765,0.419354839,0.444444444,0,0,0.452380952,0.464285714,0,0.133333333,1.6,4.2,4.733333333,0,0,0,0,0,0,10,0
1993,Dallas Mavericks,West,38.6,88.7,0.435,3.5,10.2,0.338,35.1,78.5,0.448,18.7,26.5,0.705,15,27.6,42.7,20.5,7.9,4.3,17.8,28.1,99.3,41.5,82.7,0.501,2.9,8,0.358,38.6,74.8,0.517,28.7,37.5,0.766,13,33.4,46.4,25,9.8,6.3,15.5,22.7,114.5,24.9,11,71,10,72,-15.2,0.52,-14.68,99.5,114.7,-15.2,99.5,0.299,0.115,0.495,0.455,15.1,31.1,0.21,0.519,13.5,68.1,0.347,27,0.134146341,0.170731707,0.097560976,0.833333333,0.033333333,0.102040816,0,0,0.076923077,0.155172414,0,0,0,0.733333333,1.4,0,0,0,0,0,0,13,0
1993,Miami Heat,East,38.1,83.5,0.456,4.1,11.5,0.354,34.1,72.1,0.473,23.3,30.2,0.771,13.8,29.1,42.9,20.6,7.4,4.3,15.7,24.5,103.6,39.4,82.8,0.476,3.2,9.5,0.339,36.2,73.3,0.494,22.7,29.5,0.77,12.6,29.6,42.1,24,8,5.2,15.9,25,104.7,25.2,36,46,38,44,-1.15,0.21,-0.93,107.7,108.9,-1.2,94.6,0.361,0.137,0.535,0.481,13.9,31.9,0.279,0.495,14.2,69.8,0.274,20,0.43902439,0.634146341,0.243902439,0.428571429,0.45,0.358490566,0,0,0.325,0.5,0,0,0,0,0,0,0,0,0,0,0,11,0
1993,New York Knicks,East,39.1,84.1,0.465,2.4,7.4,0.32,36.8,76.8,0.479,20.9,28.2,0.741,14,32.4,46.5,25.9,8.3,4.5,15.8,25.7,101.6,34.4,80.7,0.426,2.8,9.2,0.305,31.6,71.6,0.442,23.8,31.5,0.755,12.6,28.4,40.9,20.2,8,4.7,16.6,24.5,95.4,28.3,60,22,58,24,6.16,-0.29,5.87,106.1,99.7,6.4,94.5,0.336,0.088,0.526,0.479,14.1,33.1,0.249,0.444,14.9,72.1,0.294,2,0.731707317,0.902439024,0.56097561,0.461538462,0.75,0.638297872,0.6,25,0.625,0.763636364,1,0.4,0.666666667,1.066666667,1.633333333,268,1,0.537,0.108,5,2,1,1
1993,Chicago Bulls,East,42.4,87.9,0.482,3,8.2,0.365,39.4,79.7,0.494,17.5,23.8,0.733,15.7,27.8,43.6,26,9.5,5,13.5,22,105.2,38.3,80.8,0.474,3,8.4,0.361,35.3,72.4,0.487,19.3,24.8,0.779,12.7,27.6,40.3,23.4,7.3,4.4,16.7,21.1,98.9,28.1,57,25,58,24,6.29,-0.1,6.19,112.9,106.1,6.8,92.5,0.271,0.093,0.535,0.499,12,36.3,0.199,0.493,15.4,68.7,0.239,3,0.695121951,0.756097561,0.634146341,0.461538462,0.861111111,0.653061224,1,100,0.651162791,0.666666667,1,1,2.666666667,3.533333333,3.6,734,18,4.795,0.604,8,9,2,1
1993,Minnesota Timberwolves,West,37.1,79.6,0.466,2,6.9,0.292,35.1,72.7,0.483,21.9,27.4,0.798,11.5,26.9,38.3,24.4,7.9,5.5,17.3,24.7,98.1,40.5,83.1,0.488,2.5,7,0.36,38,76,0.5,22.3,29.4,0.758,13.7,28.4,42.1,26.1,9,6,15,22.9,105.9,25.8,19,63,21,61,-7.78,0.16,-7.62,103.6,111.8,-8.2,93.8,0.344,0.087,0.535,0.479,15.9,28.7,0.275,0.503,13.5,66.3,0.269,26,0.231707317,0.268292683,0.195121951,0.5,0.2,0.14,0,0,0.210526316,0.24137931,0,0,0,0,0,0,0,0,0,0,0,12,0
1993,New Jersey Nets,East,39.9,86.4,0.462,1.9,6,0.318,38,80.4,0.473,21.1,27.5,0.767,15.7,30.6,46.3,22.8,8.5,6.4,16.5,23.1,102.8,39.4,84.7,0.465,2.5,7.5,0.325,37,77.2,0.479,20.3,27.4,0.741,13.4,28.6,42,21.8,9.5,5.1,15.9,22.9,101.6,27.3,43,39,45,37,1.26,-0.05,1.2,106.5,105.2,1.3,96,0.319,0.069,0.522,0.473,14.4,35.5,0.244,0.48,14.1,69.5,0.24,13,0.524390244,0.634146341,0.414634146,0.555555556,0.5,0.404255319,0.133333333,6.25,0.558139535,0.5,1,0.066666667,0.066666667,0.066666667,0.4,303,2,0.624,0.274,4,6,7,0
1993,Boston Celtics,East,42.1,86.5,0.487,1.3,4.7,0.287,40.8,81.8,0.498,18.1,23.3,0.777,13.1,29.7,42.8,24.4,7.9,5.6,14.3,22.7,103.7,39.4,85.1,0.463,2.6,7.9,0.332,36.8,77.2,0.476,21.3,27.7,0.771,13.3,29,42.3,24,7.8,4.7,14.4,20.4,102.8,28.6,48,34,43,39,0.89,0.04,0.93,108.7,107.8,0.9,94.9,0.27,0.054,0.536,0.495,12.9,31.2,0.21,0.479,12.9,69,0.251,9,0.585365854,0.682926829,0.487804878,0.75,0.538461538,0.5,0.066666667,6.25,0.511627907,0.679245283,1,0.4,0.866666667,2.333333333,5.366666667,517,6,0.617,0.064,3,6,4,0
1993,Utah Jazz,West,40.7,83.3,0.489,1.6,5,0.314,39.1,78.2,0.5,23.3,30.4,0.766,12.7,30,42.7,26.5,9.1,4.2,15.5,24,106.2,39.7,85,0.467,3.3,10.2,0.325,36.4,74.8,0.487,21.3,28.6,0.744,13.7,28.2,41.9,23.5,7.9,5.7,15.7,24,104,29.3,47,35,47,35,2.17,-0.43,1.74,109.6,107.4,2.2,96.5,0.365,0.061,0.55,0.498,13.8,31,0.279,0.487,13.9,68.7,0.25,10,0.573170732,0.682926829,0.463414634,0.555555556,0.555555556,0.444444444,0.133333333,6.25,0.658536585,0.517857143,1,0.6,1,1.533333333,2.2,388,0,1.235,1.185,10,9,6,0
1993,Portland Trail Blazers,West,41,89.5,0.458,3.4,10.3,0.326,37.6,79.3,0.475,23.2,31.1,0.745,15,30.6,45.5,24,9.4,5.2,14.8,23.1,108.5,40.7,86.9,0.468,3.4,9.9,0.342,37.3,77,0.485,20.6,27.1,0.76,12.5,30.8,43.3,25.1,7.9,5.5,17.1,25.5,105.4,28.2,51,31,49,33,3.11,-0.19,2.92,108.3,105.2,3.1,99.1,0.347,0.115,0.526,0.476,12.6,32.7,0.259,0.488,14.8,71,0.237,7,0.62195122,0.731707317,0.512195122,0.6,0.586956522,0.488888889,0.066666667,6.25,0.7,0.596491228,1,0.866666667,2.266666667,2.4,3.116666667,518,0,0.863,0.056,5,4,4,0
1993,Phoenix Suns,West,42.6,86.5,0.493,4.9,13.4,0.363,37.8,73.1,0.516,23.3,31,0.753,13.9,30.6,44.5,25.5,9.2,5.5,16.6,21.2,113.4,42.7,89.1,0.479,3,9.1,0.333,39.6,80,0.496,18.3,25.3,0.723,13.6,28.2,41.9,25.7,8.6,6.2,16.2,24.9,106.7,28.2,62,20,57,25,6.66,-0.39,6.27,113.3,106.7,6.6,99.8,0.358,0.154,0.566,0.521,14.2,33,0.27,0.496,13.9,69.2,0.206,1,0.756097561,0.853658537,0.658536585,0.647058824,0.871794872,0.6,0.866666667,50,0.794871795,0.719298246,1,0.266666667,0.933333333,1.4,2.083333333,433,2,1.578,0,13,1,1,1
1993,Houston Rockets,West,40,82.2,0.486,4.7,13.1,0.361,35.3,69.2,0.51,19.3,25.5,0.758,12,30.9,42.9,25.8,8.3,6.6,15.8,20.7,104,39.7,86.9,0.457,3,8.9,0.332,36.7,78,0.471,17.5,22.9,0.763,14.2,28,42.2,24,8.7,4,15,21.9,99.8,27.4,55,27,53,29,4.23,-0.66,3.57,109.6,105.2,4.4,94.4,0.31,0.159,0.557,0.515,14.5,30,0.235,0.474,13.4,68.5,0.201,4,0.670731707,0.756097561,0.585365854,0.6,0.697674419,0.636363636,0.4,12.5,0.571428571,0.719298246,1,0,0.066666667,0.533333333,1.533333333,229,0,0.638,0.939,6,7,2,1
1993,Washington Bullets,East,40.3,86.2,0.467,2.1,7,0.301,38.1,79.1,0.482,19.2,25.7,0.748,12.6,28.3,40.8,25.7,8.2,4.4,16.1,21.9,101.9,43.4,88,0.493,2.9,8.7,0.336,40.5,79.3,0.51,19.2,25.7,0.749,13.8,31.2,45,25.1,8.8,5.2,15.6,22.2,108.9,26.1,22,60,23,59,-7.04,0.55,-6.49,103.6,110.8,-7.2,97.7,0.298,0.082,0.523,0.48,14.2,28.8,0.223,0.51,13.6,67.1,0.219,25,0.268292683,0.365853659,0.170731707,0.230769231,0.175,0.20754717,0,0,0.292682927,0.259259259,0,0,0,0.133333333,0.4,0,0,0,0,0,0,14,0
1993,Milwaukee Bucks,East,39.9,84.4,0.472,3.8,11.4,0.333,36,73,0.494,18.8,25.4,0.742,12.8,25.8,38.6,25.4,10.5,4.8,16.6,24.1,102.3,40.3,83.5,0.483,3.3,9.5,0.344,37,73.9,0.501,22.2,29.7,0.748,15.5,29.2,44.7,25.5,9.4,5.6,18,22.1,106.1,26.9,28,54,31,51,-3.73,0.47,-3.26,106.2,110.1,-3.9,96.1,0.301,0.135,0.535,0.495,14.8,30.5,0.223,0.502,15.7,62.5,0.266,22,0.341463415,0.43902439,0.243902439,0.461538462,0.302325581,0.259259259,0,0,0.414634146,0.303571429,0,0,0.066666667,0.8,2.416666667,0,0,0,0,0,0,12,0
1993,San Antonio Spurs,West,40.4,82.5,0.49,2.9,8.4,0.341,37.5,74,0.507,21.9,28.6,0.765,11.2,31,42.2,24.5,7.1,6.3,15,22.5,105.5,40.1,87.5,0.458,3.3,9.1,0.361,36.8,78.4,0.47,19.3,25,0.772,13.2,29.1,42.3,23.2,8,4.5,13.8,24.4,102.8,27.5,49,33,48,34,2.67,-0.46,2.21,109.6,106.8,2.8,95.4,0.347,0.102,0.555,0.507,13.6,27.8,0.265,0.477,12.3,70.1,0.221,8,0.597560976,0.756097561,0.43902439,0.583333333,0.702702703,0.511111111,0.333333333,12.5,0.65,0.625,1,0,0.466666667,0.466666667,1.1,218,0,1.161,0.667,6,3,5,0
1993,Los Angeles Clippers,West,43.2,89.4,0.484,1.6,6,0.271,41.6,83.4,0.499,19,26.5,0.718,14.4,28.8,43.2,27.3,10.3,6,16.3,23.4,107.1,40.4,86,0.47,3.4,9.6,0.348,37,76.4,0.485,22.6,29.7,0.763,14.4,29.7,44.1,24,9.3,5.5,17.6,21.6,106.8,26.7,41,41,42,40,0.35,-0.03,0.33,107.4,107.1,0.3,99.1,0.297,0.067,0.53,0.493,13.9,32.7,0.213,0.489,15.1,66.7,0.263,15,0.5,0.658536585,0.341463415,0.384615385,0.527777778,0.355555556,0.133333333,6.25,0.523809524,0.472727273,1,0.133333333,0.133333333,0.133333333,0.133333333,148,0,0.005,0,0,0,7,0
1993,Cleveland Cavaliers,East,41.8,84,0.497,3.5,9,0.381,38.3,74.9,0.511,20.7,25.8,0.802,11.3,30.4,41.8,28.6,7.5,6.5,13.7,19.3,107.7,41.1,88.2,0.466,2.8,8.5,0.329,38.3,79.7,0.481,16.3,21.2,0.766,13.6,29,42.6,25.7,7.4,4.5,14.7,22.3,101.3,28.8,54,28,58,24,6.45,-0.15,6.3,112.7,106,6.7,94.8,0.308,0.108,0.565,0.518,12.5,28.1,0.247,0.482,13.1,69.1,0.185,6,0.658536585,0.853658537,0.463414634,0.363636364,0.871794872,0.583333333,0.2,12.5,0.581395349,0.698113208,1,0.6,0.733333333,1,1.066666667,372,0,0.124,0.026,3,2,3,1
1993,Indiana Pacers,East,41.1,85.6,0.48,3.1,9.6,0.326,38,76,0.5,22.4,29.3,0.766,14.9,29.9,44.8,26.1,7.5,4.9,15.3,24.9,107.8,39.8,84.8,0.469,2.6,8.6,0.306,37.1,76.2,0.487,23.9,32.1,0.743,14.5,28.6,43.1,24.2,8.5,4.7,14.4,24.1,106.1,26.8,41,41,46,36,1.7,0.08,1.77,111.9,110.1,1.8,96,0.342,0.112,0.547,0.498,13.5,34.2,0.262,0.485,12.7,67.4,0.281,14,0.5,0.658536585,0.341463415,0.428571429,0.533333333,0.4375,0.066666667,6.25,0.511627907,0.518518519,1,0,0.133333333,0.2,0.2,109,0,0.001,0,0,0,8,0
1993,Seattle SuperSonics,West,42.4,87.1,0.486,2.7,7.4,0.357,39.7,79.6,0.498,21,27.5,0.761,14.9,27.5,42.4,23.2,11.5,5,15.5,24,108.3,38.3,81.8,0.469,3.3,9.9,0.337,35,71.9,0.487,21.3,28,0.759,13.1,27.1,40.2,22.4,8,5,18.5,22.6,101.3,27.7,55,27,59,23,7.07,-0.42,6.66,112.3,104.9,7.4,96,0.316,0.085,0.546,0.502,13.5,35.5,0.241,0.489,16.4,67.7,0.26,5,0.670731707,0.804878049,0.536585366,0.454545455,0.822222222,0.555555556,0.666666667,25,0.7,0.660714286,1,0.266666667,0.4,1.2,1.333333333,306,0,0,0.026,0,0,3,1
1993,Golden State Warriors,West,42.4,88,0.482,3.6,10.4,0.35,38.7,77.6,0.499,21.6,30.1,0.717,14.9,29.1,43.9,24.5,8.5,4.7,17.7,25.1,109.9,42.3,87.8,0.482,3.3,9.7,0.343,39,78.1,0.5,22.9,30.4,0.755,14.3,28.6,42.9,25.6,10,5.6,16.5,24.3,110.9,25,34,48,38,44,-0.99,0.05,-0.94,109.2,110.2,-1,99.5,0.342,0.118,0.543,0.502,14.9,34.2,0.245,0.501,14,67,0.261,21,0.414634146,0.463414634,0.365853659,0.375,0.431818182,0.28,0,0,0.476190476,0.351851852,0,0.066666667,0.333333333,0.866666667,0.866666667,0,0,0,0,0,0,10,0
1993,Atlanta Hawks,East,41.4,88.7,0.466,4.7,13.1,0.355,36.7,75.6,0.486,20.1,27.1,0.742,15.7,28.6,44.3,25.4,9.8,3.4,16.3,22,107.5,42.8,86.3,0.496,3.4,10.2,0.337,39.4,76.1,0.517,19.3,25.5,0.758,13.2,29.4,42.6,26.7,9,4.4,16.6,22.9,108.4,27.1,43,39,39,43,-0.87,0.2,-0.67,109.3,110.2,-0.9,97.6,0.305,0.148,0.534,0.493,14,34.8,0.227,0.516,14.6,68.5,0.224,12,0.524390244,0.609756098,0.43902439,0.25,0.446808511,0.4375,0,6.25,0.5,0.563636364,1,0,0.133333333,0.933333333,1.416666667,181,0,0.789,0,6,0,6,0
1993,Denver Nuggets,West,40.9,88.8,0.46,1.7,5.5,0.304,39.2,83.3,0.471,21.8,28.8,0.756,15.4,31.3,46.7,21.2,7.9,6.9,17.2,24.9,105.2,40.5,88,0.461,2.7,7.9,0.343,37.8,80.1,0.472,23.2,30.7,0.754,14.1,30.5,44.7,23,9.1,6.1,16.3,24.2,106.9,24.8,36,46,36,46,-1.74,-0.4,-2.14,104.6,106.3,-1.7,99.8,0.324,0.062,0.518,0.47,14.5,33.6,0.245,0.476,13.9,68.9,0.263,19,0.43902439,0.682926829,0.195121951,0.454545455,0.5,0.326530612,0,0,0.365853659,0.517857143,0,0,0,0.333333333,1.583333333,0,0,0,0,0,0,9,0
1993,Los Angeles Lakers,West,40.4,85.3,0.473,2.3,7.6,0.299,38.1,77.7,0.49,21.2,28.1,0.756,13.5,27.9,41.4,24.5,9.5,5.3,15.4,21.7,104.2,41.9,86.8,0.483,3,8.9,0.337,38.9,77.9,0.5,18.6,25,0.746,14.1,29.4,43.5,26,8.4,4.7,16.3,22.8,105.5,28,39,43,38,44,-1.27,0.06,-1.2,107.6,108.9,-1.3,96.2,0.329,0.09,0.534,0.486,13.7,31.4,0.249,0.5,14.3,66.4,0.215,18,0.475609756,0.487804878,0.463414634,0.684210526,0.325,0.34,0.133333333,6.25,0.523809524,0.428571429,1,0.066666667,1.133333333,3.866666667,7,579,10,0.009,0,2,1,8,0
1992,Golden State Warriors,West,45.9,90.6,0.507,3.1,9.3,0.333,42.8,81.3,0.527,23.7,31.8,0.746,13.9,29,42.8,25.2,10.4,4.6,16.5,25,118.7,44.1,91.5,0.482,3.1,9.5,0.331,41,82.1,0.499,23.5,31.3,0.75,16.1,29.7,45.9,25.9,9.7,5.3,18.4,24.6,114.8,25.5,55,27,50,32,3.9,-0.14,3.77,113.6,109.9,3.7,103.4,0.351,0.103,0.568,0.524,13.6,31.8,0.262,0.499,14.9,64.2,0.256,4,0.670731707,0.756097561,0.585365854,0.538461538,0.694444444,0.510638298,0.066666667,6.25,0.675,0.654545455,1,0.266666667,0.533333333,0.8,0.8,177,0,0.012,0,3,0,2,1
1992,Miami Heat,East,39.7,86.1,0.461,3.1,9.2,0.342,36.6,77,0.475,22.4,28.4,0.79,14.5,28.9,43.3,21.3,8.2,4.5,16.8,22.2,105,43,87.3,0.493,2.6,7.4,0.347,40.5,79.9,0.507,20.5,27.3,0.752,13.8,29.5,43.3,25.2,8.9,5.5,16,24,109.2,24.4,38,44,30,52,-4.21,0.27,-3.94,106.7,110.9,-4.2,97.7,0.33,0.106,0.532,0.479,14.6,33,0.26,0.508,13.9,67.6,0.235,17,0.463414634,0.682926829,0.243902439,0.5,0.380952381,0.25,0,6.25,0.466666667,0.461538462,1,0,0,0,0,25,0,0,0,0,0,8,0
1992,Los Angeles Clippers,West,40.8,86.3,0.473,1.8,6.1,0.289,39,80.2,0.487,19.5,27.1,0.72,13.8,29.2,43,25,10,6.1,15.5,22.8,102.9,39.2,85.3,0.459,2.7,7.9,0.346,36.4,77.4,0.47,20.8,27.4,0.759,14,29.8,43.9,21.8,8.6,5.3,17,22.8,101.9,27.3,45,37,44,38,1.07,0.03,1.1,105.8,104.7,1.1,96.5,0.314,0.071,0.524,0.483,13.6,31.6,0.226,0.475,14.9,67.5,0.244,12,0.548780488,0.707317073,0.390243902,0.733333333,0.512195122,0.404255319,0.133333333,6.25,0.454545455,0.568627451,1,0,0,0,0,212,2,0,0.013,0,0,7,0
1992,Dallas Mavericks,West,38,86.6,0.439,3.3,9.7,0.336,34.8,76.9,0.452,18.3,24.4,0.75,14.6,29.7,44.3,19.9,6.5,4.3,14.7,22.8,97.6,40.4,86,0.47,2.2,7.3,0.306,38.2,78.7,0.485,22.2,28.9,0.77,14.1,32.1,46.2,23.6,8.8,5.6,12.9,21.2,105.3,28.2,22,60,21,61,-7.65,0.18,-7.47,103,111.1,-8.1,94.4,0.281,0.112,0.501,0.458,13.1,31.2,0.211,0.483,11.5,67.8,0.259,25,0.268292683,0.365853659,0.170731707,0.5,0.136363636,0.2,0,0,0.302325581,0.188679245,0,0,0,1.066666667,1.4,0,0,0,0,0,0,12,0
1992,Portland Trail Blazers,West,42.4,89.7,0.473,4,11.5,0.344,38.4,78.1,0.492,22.7,30,0.754,15.8,31.1,46.9,25.2,9.2,5,16.2,24.2,111.4,39.6,87.2,0.454,3,9.8,0.303,36.6,77.4,0.474,21.9,28.9,0.759,13.4,28.5,41.9,24.1,8.4,5.3,16.7,23.9,104.1,28.1,57,25,59,23,7.27,-0.33,6.94,111.4,104.2,7.2,99,0.335,0.128,0.541,0.495,13.6,35.6,0.253,0.471,14.3,69.9,0.251,3,0.695121951,0.804878049,0.585365854,0.375,0.775,0.531914894,0.866666667,50,0.697674419,0.716981132,1,0.6,1.4,1.6,2.25,548,2,0.279,0.046,4,3,1,1
1992,Chicago Bulls,East,44.4,87.4,0.508,1.7,5.5,0.304,42.7,81.9,0.522,19.4,26,0.744,14.3,29.7,44,27.8,8.2,5.9,13.3,20.6,109.9,39.1,85,0.46,2.7,8,0.332,36.4,77,0.473,18.6,24.2,0.768,13.2,26.5,39.7,22.5,7.7,4.3,15.7,22,99.5,27.6,67,15,66,16,10.44,-0.37,10.07,115.5,104.5,11,94.4,0.297,0.063,0.556,0.518,11.8,35.1,0.221,0.476,14.1,69.3,0.219,1,0.817073171,0.87804878,0.756097561,0.466666667,0.916666667,0.722222222,1,100,0.844444444,0.796296296,1,1,2.266666667,2.533333333,2.6,618,11,3.824,0.555,6,5,1,1
1992,Houston Rockets,West,39.9,84.1,0.475,4,11.7,0.343,35.9,72.4,0.496,18.2,24.6,0.738,13.1,29.7,42.8,25.1,8,7,16.8,21.6,102,41.4,89.2,0.463,2.4,7,0.341,39,82.2,0.474,18.6,24.2,0.77,15,29.3,44.4,26,9.1,4.7,14.3,20.4,103.7,28,42,40,36,46,-1.72,-0.22,-1.94,106.2,108,-1.8,95.1,0.293,0.139,0.537,0.499,15,30.9,0.216,0.477,12.5,66.4,0.209,14,0.512195122,0.682926829,0.341463415,0.666666667,0.342857143,0.431818182,0,0,0.558139535,0.490566038,0,0,0.133333333,1.4,1.616666667,0,0,0,0,0,0,9,0
1992,New York Knicks,East,40.4,84.7,0.477,2.5,7.5,0.325,37.9,77.2,0.492,18.3,25,0.734,14.5,30.4,44.8,26,7.7,4.7,15.1,23.2,101.6,37.6,82,0.458,2.2,7.4,0.295,35.4,74.6,0.474,20.3,26.5,0.767,12.4,27.3,39.7,21.7,8.2,4.8,15.2,22,97.7,27.3,51,31,52,30,3.89,-0.22,3.67,108.3,104.2,4.1,92.9,0.295,0.089,0.531,0.491,13.7,34.6,0.216,0.471,14,71.1,0.248,8,0.62195122,0.731707317,0.512195122,0.428571429,0.657894737,0.4,0.4,12.5,0.651162791,0.589285714,1,0,0.6,0.666666667,1.233333333,265,0,0.436,0.095,4,1,4,0
1992,Denver Nuggets,West,39.8,90,0.442,1.5,5.1,0.301,38.2,84.9,0.45,18.6,25.2,0.738,16.5,28.7,45.1,18.9,9.4,5.6,17.6,24.2,99.7,40.8,85,0.48,2.3,6.5,0.35,38.5,78.5,0.491,23.7,30.6,0.773,13.5,30.9,44.4,22.1,9.5,7.2,17,21.8,107.6,25.7,24,58,21,61,-7.87,0.28,-7.59,100.7,108.6,-7.9,98.6,0.28,0.057,0.493,0.451,14.9,34.8,0.207,0.494,14.7,68,0.279,24,0.292682927,0.43902439,0.146341463,0.333333333,0.229166667,0.2,0,0,0.395348837,0.222222222,0,0,0,0.666666667,1.666666667,0,0,0,0,0,0,11,0
1992,Detroit Pistons,East,38.9,83.7,0.465,2,6.4,0.314,36.9,77.3,0.477,19.1,25.7,0.743,14.8,29.5,44.3,23.2,6.7,4.4,14.8,20.1,98.9,38.5,85,0.453,2.6,7.6,0.338,35.9,77.4,0.464,17.3,22.8,0.762,13.6,27.5,41.1,23.1,7.8,4.5,13.6,23.4,96.9,30.1,48,34,47,35,2.04,0.01,2.06,107.5,105.3,2.2,91.6,0.307,0.077,0.52,0.477,13.5,34.9,0.228,0.468,12.5,68.5,0.204,9,0.585365854,0.609756098,0.56097561,0.5,0.657894737,0.4,0.133333333,6.25,0.555555556,0.634615385,1,0.466666667,2.466666667,4.133333333,4.6,674,13,0.377,1.414,7,6,5,0
1992,Seattle SuperSonics,West,41.2,86.9,0.474,2.5,7.9,0.317,38.7,79,0.49,21.6,27.6,0.783,15.6,27.5,43.2,22.9,9.5,5.5,16.1,23.8,106.5,39.8,83.7,0.475,2.5,7.6,0.337,37.2,76.1,0.489,22.5,30,0.751,13.7,27.2,40.9,22.3,8.5,5.8,16.1,22.6,104.7,27.3,47,35,46,36,1.88,-0.02,1.86,110.7,108.8,1.9,95.4,0.317,0.091,0.538,0.489,14,36.5,0.249,0.491,14.2,66.8,0.269,11,0.573170732,0.682926829,0.463414634,0.571428571,0.633333333,0.446808511,0.266666667,12.5,0.488888889,0.592592593,1,0.133333333,0.333333333,0.933333333,1.316666667,187,0,0,0.013,0,0,6,0
1992,Utah Jazz,West,41.2,83.7,0.492,1.9,5.6,0.345,39.3,78.1,0.503,23.9,30.4,0.788,13.4,31,44.4,26.7,8.7,5.5,15.4,21.3,108.3,40.1,87.5,0.459,2.9,8.5,0.337,37.3,79.1,0.472,18.7,25.1,0.747,14,27.5,41.5,23.5,7.9,5.6,14.7,23.9,101.9,28.5,55,27,57,25,6.39,-0.69,5.7,112.2,105.6,6.6,95.5,0.363,0.067,0.557,0.504,13.7,32.7,0.286,0.475,13,68.9,0.214,5,0.670731707,0.902439024,0.43902439,0.6,0.775,0.590909091,0.6,25,0.630434783,0.705882353,1,0.266666667,0.4,1,1.6,235,0,0.943,1.175,8,8,3,1
1992,Philadelphia 76ers,East,38.9,82.5,0.471,2.8,8.3,0.334,36.1,74.2,0.487,21.4,27.6,0.775,12.9,28.2,41.1,21.4,8.4,5.9,15.1,19.3,101.9,42.1,87.1,0.483,2.3,7.5,0.307,39.8,79.6,0.499,16.8,21.6,0.776,14.3,28.8,43.1,27.1,8.4,5.5,14.4,21.5,103.2,27.6,35,47,37,45,-1.27,-0.07,-1.34,108.3,109.7,-1.4,93.7,0.335,0.101,0.539,0.488,13.8,30.9,0.26,0.496,13,66.4,0.192,19,0.426829268,0.56097561,0.292682927,0.5,0.5,0.289473684,0,0,0.488888889,0.41509434,0,0.266666667,0.533333333,1.066666667,3.733333333,0,0,0,0,0,0,10,0
1992,Orlando Magic,East,39.3,86.6,0.453,2.4,7.4,0.324,36.9,79.2,0.466,20.6,27.7,0.746,14.3,28.4,42.7,21.9,7.8,4.5,16.9,24.1,101.6,41.8,85.9,0.486,2.6,7.4,0.353,39.2,78.5,0.499,22.3,29.7,0.751,13.5,29.8,43.3,25.5,9.6,6.5,15.5,23.1,108.5,26.6,21,61,23,59,-6.91,0.4,-6.52,103.5,110.5,-7,98,0.319,0.086,0.514,0.467,14.6,32.4,0.238,0.502,13.5,67.8,0.26,26,0.256097561,0.317073171,0.195121951,0.727272727,0.155555556,0.125,0,0,0.25,0.283018868,0,0,0,0,0,0,0,0,0,0,0,14,0
1992,Minnesota Timberwolves,West,41,89.5,0.458,1.5,4.8,0.32,39.5,84.7,0.466,16.8,22.6,0.743,14.2,26.4,40.7,24.7,7.5,6.4,14.1,22.8,100.5,42.1,86.8,0.485,2.1,5.9,0.354,40,80.9,0.495,21.2,28.5,0.744,16,30.9,46.9,25.5,8,7,14.8,20.4,107.5,26.4,15,67,23,59,-7.05,0.2,-6.85,105,112.4,-7.4,95.1,0.253,0.054,0.505,0.467,12.4,31.5,0.188,0.497,13,62.3,0.244,27,0.182926829,0.219512195,0.146341463,0.266666667,0.097560976,0.16,0,0,0.162790698,0.2,0,0,0,0,0,0,0,0,0,0,0,13,0
1992,Los Angeles Lakers,West,38.8,85.1,0.456,1.5,5.4,0.267,37.4,79.7,0.469,21.3,27.8,0.766,14.1,26.8,40.9,22,9.2,4.9,13.3,18.8,100.4,41.6,86.5,0.48,2.1,7.3,0.292,39.4,79.3,0.498,16.2,21.3,0.762,15,29.1,44.1,26.5,7.2,4.7,15.3,22.3,101.5,28.3,43,39,38,44,-1.1,0.15,-0.95,107.7,108.9,-1.2,92.5,0.327,0.064,0.516,0.465,12,32.7,0.25,0.493,13.8,64,0.187,13,0.524390244,0.585365854,0.463414634,0.705882353,0.526315789,0.340425532,0.066666667,6.25,0.627906977,0.490566038,1,0.8,1.8,4.333333333,7.933333333,398,5,0,0.026,0,1,8,0
1992,Atlanta Hawks,East,42.6,91.2,0.467,2.6,8.2,0.313,40,83,0.482,18.5,25.3,0.731,15.7,30.5,46.2,25.9,9.7,3.9,15.3,21.6,106.2,43,89.5,0.48,3.1,8.9,0.343,39.9,80.6,0.495,18.7,24.5,0.766,14.1,31,45.2,26.4,8.7,4.8,15.3,21.1,107.7,27.2,38,44,37,45,-1.5,0.35,-1.15,107.3,108.9,-1.6,97.8,0.277,0.09,0.519,0.481,13,33.6,0.203,0.497,13.2,68.3,0.209,18,0.463414634,0.56097561,0.365853659,0.411764706,0.463414634,0.341463415,0,0,0.522727273,0.462962963,0,0.133333333,0.266666667,1.2,1.416666667,0,0,0,0,0,0,9,0
1992,San Antonio Spurs,West,41.2,86.5,0.476,1.4,4.9,0.292,39.7,81.5,0.487,20.1,27.4,0.736,15,31.1,46.1,24.5,8.9,7.4,16,21.9,104,39.2,86.6,0.452,3,8.5,0.347,36.2,78,0.464,19.4,25.1,0.77,13.5,28.8,42.3,23,9.2,5.6,15.3,22.1,100.6,27.3,47,35,50,32,3.32,-0.51,2.81,107.5,104.1,3.4,96.2,0.317,0.057,0.528,0.485,13.9,34.2,0.233,0.469,13.5,69.8,0.224,10,0.573170732,0.756097561,0.390243902,0.384615385,0.682926829,0.5,0,6.25,0.590909091,0.58490566,1,0.066666667,0.466666667,0.466666667,1.433333333,381,2,0.211,0.154,2,3,5,0
1992,Cleveland Cavaliers,East,41.8,85.7,0.488,3.1,8.6,0.357,38.7,77,0.502,22.2,27.5,0.805,12.7,29.9,42.6,27.6,7.5,7.6,13.1,19,108.9,42.6,90.7,0.47,2.4,7.1,0.332,40.3,83.6,0.482,15.8,20.5,0.769,15.1,29,44,26.3,7.9,5.1,14,22.9,103.4,27.6,57,25,55,27,5.45,-0.11,5.34,113.9,108.2,5.7,95,0.322,0.101,0.557,0.506,11.8,30.5,0.259,0.483,12.3,66.5,0.174,2,0.695121951,0.853658537,0.536585366,0.55,0.78125,0.542857143,0.6,25,0.69047619,0.703703704,1,0,0.266666667,0.4,0.466666667,196,0,0.03,0.026,1,1,2,1
1992,New Jersey Nets,East,42.4,92.4,0.458,2.7,8.2,0.334,39.6,84.3,0.47,17.9,24.5,0.732,18.4,29.2,47.6,23.6,9,7.5,17,22.4,105.4,41.7,87.5,0.477,2,6.2,0.317,39.8,81.3,0.489,21.6,28.3,0.766,14.8,28.7,43.5,21.8,9.8,5.9,16.4,21,107.1,25.6,40,42,36,46,-1.7,0.15,-1.54,107,108.7,-1.7,98,0.265,0.088,0.51,0.473,14.1,39.1,0.194,0.488,14.1,66.3,0.247,16,0.487804878,0.609756098,0.365853659,0.636363636,0.40625,0.35,0.066666667,6.25,0.431818182,0.547169811,1,0,0,0,0.333333333,43,0,0,0,0,0,7,0
1992,Indiana Pacers,East,42.7,86.3,0.494,4.1,11.5,0.354,38.6,74.9,0.516,22.8,28.8,0.79,13.2,31.3,44.5,29.2,8.6,4.8,17.1,26.1,112.2,41.8,89.2,0.468,2.6,7.8,0.338,39.1,81.4,0.481,24.1,32,0.752,15.1,28.4,43.5,26.4,10,4.7,15.2,24.2,110.3,26.4,40,42,46,36,1.89,-0.04,1.85,111.7,109.9,1.8,99,0.334,0.133,0.566,0.518,14.7,31.8,0.264,0.483,12.8,67.4,0.27,15,0.487804878,0.634146341,0.341463415,0.285714286,0.611111111,0.333333333,0,6.25,0.377777778,0.538461538,1,0.133333333,0.133333333,0.2,0.2,108,1,0,0,0,0,6,0
1992,Phoenix Suns,West,43.3,88,0.492,2.8,7.3,0.381,40.6,80.8,0.502,22.7,29.2,0.776,13.3,31.2,44.5,26.9,8.2,7.1,15.1,22.6,112.1,41.8,91.2,0.459,2.2,7.1,0.307,39.6,84,0.471,20.4,26.9,0.756,14.9,28.6,43.5,23.3,8,6,15.3,23.5,106.2,27,53,29,56,26,5.94,-0.26,5.68,112.1,106.2,5.9,99.4,0.332,0.083,0.556,0.508,13.1,31.7,0.258,0.471,13,67.7,0.223,6,0.646341463,0.87804878,0.414634146,0.363636364,0.743589744,0.574468085,0.266666667,12.5,0.644444444,0.641509434,1,0.066666667,1.133333333,1.133333333,1.983333333,255,0,0.096,0,5,1,4,0
1992,Charlotte Hornets,East,44.1,92.3,0.477,1.4,4.5,0.317,42.6,87.8,0.486,20,26.4,0.755,14.2,28.9,43.1,27.9,10,3.8,15.5,22.2,109.5,45.3,91.4,0.496,2.5,7.7,0.324,42.8,83.7,0.512,20.3,27.3,0.741,15.3,31.5,46.8,28.9,7.6,6.4,17,21.3,113.4,25.2,31,51,31,51,-3.9,0.33,-3.57,107.1,110.9,-3.8,101.7,0.286,0.049,0.527,0.485,13,31.1,0.216,0.51,14.1,65.4,0.222,20,0.37804878,0.536585366,0.219512195,0.4,0.325,0.25,0,0,0.272727273,0.450980392,0,0,0,0,0,0,0,0,0,0,0,11,0
1992,Boston Celtics,East,43.2,87.8,0.492,1.3,4.4,0.306,41.9,83.4,0.502,18.9,23.4,0.808,13.4,31.5,44.9,25.3,7.8,5.9,14.2,20.6,106.6,40.5,88.9,0.456,2.5,8,0.308,38.1,81,0.47,19.5,25.4,0.768,14.4,28.5,42.8,23.5,8.3,5,13.6,19.9,103,29.2,51,31,51,31,3.62,-0.21,3.41,110.8,107,3.8,95.8,0.266,0.05,0.544,0.5,12.7,31.9,0.215,0.469,11.9,68.7,0.22,7,0.62195122,0.829268293,0.414634146,0.777777778,0.666666667,0.657142857,0.4,12.5,0.613636364,0.603773585,1,0.333333333,0.466666667,2.933333333,5.55,580,9,6.225,0.157,13,9,3,1
1992,Washington Bullets,East,41,89,0.461,1.8,6.5,0.272,39.2,82.5,0.476,18.5,23.9,0.778,13,28.6,41.6,24.5,8.7,5.1,15.3,22.6,102.4,41.8,87.5,0.478,2.6,7.3,0.353,39.3,80.2,0.49,20.6,27.3,0.753,14.6,32.1,46.7,23.2,8.7,5.5,16.2,20.6,106.8,26.1,25,57,29,53,-4.46,0.11,-4.35,103.9,108.4,-4.5,97.7,0.268,0.074,0.514,0.471,13.3,28.9,0.208,0.493,14,66.2,0.235,23,0.304878049,0.341463415,0.268292683,0.272727273,0.292682927,0.184210526,0,0,0.325581395,0.264150943,0,0,0,0.266666667,0.65,0,0,0,0,0,0,13,0
1992,Sacramento Kings,West,40.8,87.7,0.466,2.9,8.2,0.353,37.9,79.4,0.477,19.7,26.4,0.747,12.9,28.7,41.6,23.9,8.9,7.5,16.6,21.5,104.3,43.4,90.5,0.479,2.5,7.5,0.331,40.9,83,0.493,21.1,28,0.752,16,32.2,48.2,26,10,6.5,16.5,22.1,110.3,25.1,29,53,26,56,-6.06,0.44,-5.63,103.9,109.9,-6,99.6,0.301,0.094,0.525,0.482,14.3,28.5,0.225,0.493,13.9,64.2,0.233,22,0.353658537,0.512195122,0.195121951,0.470588235,0.210526316,0.192307692,0,0,0.318181818,0.388888889,0,0,0,0,0,0,0,0,0,0,0,10,0
1992,Milwaukee Bucks,East,40.5,88,0.46,4.5,12.3,0.369,36,75.7,0.475,19.5,25.7,0.759,15.8,26.5,42.3,24.6,10.5,3.9,16.5,23.2,105,42,84.3,0.498,2.7,7.4,0.367,39.3,76.9,0.511,20,26.8,0.746,14.3,28.3,42.5,25.8,8.9,5.8,17.3,21.7,106.7,30.2,31,51,36,46,-1.71,0.26,-1.46,108.8,110.6,-1.8,95.5,0.292,0.139,0.529,0.486,14.2,35.9,0.221,0.514,15.3,65,0.237,21,0.37804878,0.609756098,0.146341463,0.5,0.461538462,0.325,0,0,0.465116279,0.314814815,0,0,0.266666667,1.266666667,2.583333333,0,0,0,0,0,0,12,0
1991,Atlanta Hawks,East,40.8,88.1,0.464,3.3,10.2,0.324,37.5,77.9,0.482,24.8,31,0.8,15.1,29.5,44.6,22.7,8.9,4.6,15,21.6,109.8,43.5,88,0.494,2.6,7.6,0.349,40.9,80.5,0.508,19.4,25.2,0.767,13.2,30.5,43.6,28.3,8.4,4.4,15.7,24.8,109,29,43,39,43,39,0.77,-0.05,0.72,110.9,110.1,0.8,98.6,0.352,0.116,0.54,0.482,12.9,33.1,0.282,0.509,13.7,69.1,0.22,13,0.524390244,0.707317073,0.341463415,0.363636364,0.6,0.409090909,0.133333333,6.25,0.545454545,0.518518519,1,0,0.533333333,1.066666667,1.283333333,394,1,4.308,0.733,17,7,6,0
1991,Cleveland Cavaliers,East,39.7,83.6,0.475,2,5.8,0.334,37.8,77.8,0.486,20.3,26.5,0.765,12.3,28.4,40.7,27.3,7.8,5.5,15.6,20.4,101.7,42.2,86.8,0.486,2,6.2,0.323,40.2,80.6,0.498,17.9,23.4,0.764,13.4,29.2,42.6,26.2,8.7,4.8,15,23.1,104.2,26.8,33,49,34,48,-2.46,0.14,-2.33,106.1,108.7,-2.6,95.1,0.317,0.07,0.534,0.487,14.1,29.7,0.243,0.497,13.3,68,0.206,17,0.402439024,0.56097561,0.243902439,0.583333333,0.441176471,0.244897959,0,0,0.325581395,0.41509434,0,0.133333333,0.4,0.466666667,0.466666667,0,0,0,0,0,0,9,0
1991,Sacramento Kings,West,37.6,83.1,0.453,2.6,7,0.374,35,76.1,0.46,18.8,25.7,0.732,12.5,27,39.6,24.3,7.7,6.3,15.5,25.3,96.7,38.3,81.5,0.47,1.9,6,0.316,36.4,75.6,0.482,24.9,32.8,0.761,14.2,31,45.2,23.3,8.5,5.5,16,22.5,103.5,25.9,25,57,23,59,-6.78,0.51,-6.27,102,109.1,-7.1,94.7,0.309,0.085,0.512,0.468,14.1,28.8,0.226,0.481,14.3,65.6,0.306,25,0.304878049,0.585365854,0.024390244,0.25,0.2,0.244897959,0,0,0.292682927,0.345454545,0,0,0,0,0,0,0,0,0,0,0,13,0
1991,Portland Trail Blazers,West,43.6,89.9,0.485,4.2,11,0.377,39.5,78.8,0.501,23.3,31,0.753,14.7,31.2,45.9,27.5,8.8,5,16,24.1,114.7,40.5,88.7,0.456,2.9,8.9,0.323,37.6,79.8,0.471,22.2,28.5,0.777,13.2,28.7,41.9,25,7.7,4.3,17,25.3,106,27.9,63,19,62,20,8.68,-0.21,8.47,112.8,104.3,8.5,100.5,0.344,0.123,0.554,0.509,13.4,33.8,0.259,0.473,14.4,70.4,0.25,1,0.768292683,0.87804878,0.658536585,0.666666667,0.8125,0.666666667,0.6,25,0.822222222,0.705882353,1,0.8,0.866666667,1.266666667,1.733333333,520,2,0.205,0.025,5,2,1,1
1991,Houston Rockets,West,41.5,88.9,0.467,3.9,12.1,0.32,37.6,76.8,0.49,19.9,26.8,0.741,15.5,30.6,46.1,23.2,9.7,5,17.1,22.9,106.7,40.7,89.2,0.456,2.2,7.6,0.295,38.5,81.6,0.471,19.6,25.4,0.771,15.1,29.6,44.8,24,8.7,4.4,17.3,21.8,103.2,27.3,52,30,50,32,3.5,-0.23,3.27,107.4,103.9,3.5,98.5,0.302,0.136,0.53,0.489,14.5,34.4,0.224,0.469,14.7,66.9,0.22,8,0.634146341,0.756097561,0.512195122,0.555555556,0.648648649,0.465116279,0,6.25,0.522727273,0.679245283,1,0.066666667,0.2,1.533333333,2.616666667,123,0,0.629,0.762,5,4,6,0
1991,Phoenix Suns,West,43.6,87.8,0.496,1.7,5.3,0.319,41.9,82.5,0.508,25.2,32.7,0.77,13.8,31.7,45.5,26.9,8.4,6.5,15.9,22.6,114,42.2,91.5,0.462,2.2,7.1,0.312,40,84.3,0.474,20.8,27.4,0.76,14.6,28,42.6,24,8.3,5.6,15.6,25.1,107.5,26.9,55,27,57,25,6.55,-0.06,6.49,112.6,106.1,6.5,101,0.372,0.06,0.558,0.506,13.5,33,0.287,0.474,13.1,68.5,0.227,5,0.670731707,0.780487805,0.56097561,0.5,0.8,0.533333333,0.066666667,6.25,0.666666667,0.672727273,1,0.6,1.066666667,1.066666667,2.166666667,390,4,0.064,0,4,0,3,1
1991,Minnesota Timberwolves,West,39.8,88.7,0.449,1.3,4.6,0.283,38.5,84.1,0.458,18.7,25.4,0.735,15.5,25.8,41.3,23,8.7,5.4,13,22.7,99.6,40.5,82.7,0.49,2.1,6.2,0.339,38.4,76.5,0.502,20.5,27.1,0.757,13.3,29,42.4,26.1,6.2,6.2,15.1,20.6,103.5,26.2,29,53,30,52,-3.93,0.18,-3.75,106.7,110.9,-4.2,92.3,0.286,0.052,0.499,0.456,11.5,34.9,0.21,0.502,13.8,65.9,0.248,21,0.353658537,0.512195122,0.195121951,0.428571429,0.268292683,0.208333333,0,0,0.341463415,0.381818182,0,0,0,0,0,0,0,0,0,0,0,11,0
1991,Los Angeles Lakers,West,40.8,84.3,0.484,2.8,9.1,0.304,38,75.2,0.505,22,27.6,0.798,13.1,29.8,42.9,25.5,7.8,4.7,14.7,18.6,106.3,40.9,88.6,0.462,2.2,7,0.311,38.7,81.6,0.475,15.6,20.7,0.752,13.8,26.7,40.5,24.4,8.1,4.1,14.3,22.2,99.6,28.4,58,24,59,23,6.74,-0.01,6.73,112.1,105,7.1,94.1,0.327,0.108,0.551,0.5,13.2,33,0.261,0.474,12.8,68.3,0.176,3,0.707317073,0.804878049,0.609756098,0.571428571,0.808510638,0.586956522,0.8,50,0.744186047,0.732142857,1,0.266666667,2,4.533333333,7.216666667,651,15,4.593,0.039,10,1,2,1
1991,Utah Jazz,West,39.2,79.7,0.492,1.8,5.6,0.323,37.4,74.1,0.504,23.8,30.1,0.789,10.6,30.2,40.7,27,8,5.5,15.9,21.9,104,39.2,85.5,0.459,2.5,8.1,0.307,36.7,77.4,0.475,19.7,25.5,0.773,13.4,27.8,41.2,22.7,8.4,5,15.3,24.3,100.7,28.7,54,28,50,32,3.33,-0.15,3.18,108.6,105.1,3.5,95.3,0.378,0.07,0.559,0.503,14.6,27.6,0.298,0.473,13.7,69.2,0.23,7,0.658536585,0.87804878,0.43902439,0.727272727,0.622222222,0.534883721,0.266666667,12.5,0.659090909,0.660377358,1,0.133333333,0.533333333,1,1.333333333,241,0,0.779,1.165,6,7,5,0
1991,New York Knicks,East,40.3,83.2,0.485,2.3,6.8,0.332,38.1,76.4,0.499,20.2,26.2,0.77,12.8,29.7,42.5,26.5,7.8,5.1,16.8,21.5,103.1,41.6,87.3,0.476,2.2,6.6,0.336,39.4,80.7,0.488,17.9,23.2,0.773,13.6,28.5,42.1,24.4,8.8,4.5,15.1,22.1,103.3,28.1,39,43,40,42,-0.23,-0.2,-0.43,107.1,107.3,-0.2,95,0.315,0.082,0.544,0.498,15.1,31.1,0.242,0.489,13.4,68.5,0.205,16,0.475609756,0.512195122,0.43902439,0.357142857,0.45,0.340425532,0,6.25,0.431818182,0.490909091,1,0.266666667,0.666666667,0.666666667,1.233333333,365,1,0.415,0.359,3,6,8,0
1991,Miami Heat,East,40,87.1,0.459,1.7,5.7,0.302,38.3,81.4,0.47,20.1,28.1,0.715,15,28.1,43.1,23.2,9.2,4.7,18.9,25.4,101.8,40.7,85,0.478,2.1,6.3,0.337,38.6,78.8,0.489,24.4,31.7,0.767,14.3,28.8,43.2,24.5,10.4,6.1,17.9,23.9,107.8,24,24,58,25,57,-5.99,0.08,-5.91,102,108.1,-6.1,99.3,0.323,0.065,0.512,0.469,16,34.3,0.231,0.491,15.3,66.2,0.286,26,0.292682927,0.43902439,0.146341463,0.454545455,0.277777778,0.130434783,0,0,0.25,0.301886792,0,0,0,0,0,0,0,0,0,0,0,13,0
1991,Detroit Pistons,East,39,83.8,0.465,1.6,5.4,0.298,37.4,78.5,0.476,20.6,27,0.763,14.7,29.9,44.6,22.3,5.9,4.5,14.4,22.8,100.1,37.2,82.2,0.453,1.9,6.1,0.312,35.3,76.1,0.464,20.4,26.5,0.77,12.2,27.7,40,21.2,7.1,3.5,13.7,24.2,96.8,30.5,50,32,50,32,3.27,-0.19,3.08,108.2,104.6,3.6,91.9,0.322,0.064,0.523,0.474,13.1,34.7,0.245,0.464,12.8,71,0.248,9,0.609756098,0.780487805,0.43902439,0.461538462,0.625,0.477272727,0.466666667,25,0.711111111,0.596153846,1,1,2.933333333,4,4.133333333,856,21,0.358,0.998,6,6,3,1
1991,Boston Celtics,East,45.1,88,0.512,1.3,4.2,0.315,43.7,83.8,0.522,20.1,24.4,0.824,13.3,32.9,46.2,26.3,8.2,6.9,16.1,20.7,111.5,41.7,92.2,0.452,2.3,7.5,0.313,39.4,84.7,0.465,20,25.4,0.786,14.5,26.9,41.4,25,9,4.6,13.7,20.2,105.7,28.2,56,26,56,26,5.82,-0.6,5.22,112.6,106.7,5.9,98.5,0.277,0.048,0.565,0.52,14,33,0.228,0.465,11.7,69.3,0.217,4,0.682926829,0.853658537,0.512195122,0.7,0.735849057,0.512195122,0.333333333,12.5,0.744186047,0.611111111,1,0.133333333,0.733333333,3.466666667,6.216666667,501,9,6.188,0.157,13,9,2,1
1991,Golden State Warriors,West,43.5,89.6,0.485,3.3,9.8,0.337,40.2,79.8,0.504,26.4,33.7,0.783,13.6,28.1,41.7,23.8,9.8,4.6,16.6,26.9,116.6,43.2,89.6,0.482,2.7,8.4,0.322,40.5,81.3,0.499,25.9,34.1,0.758,15.8,30.2,46,26.4,8.9,5.3,18.7,26.9,115,26.5,44,38,45,37,1.63,0.09,1.72,111.9,110.3,1.6,103.6,0.376,0.109,0.559,0.504,13.7,31,0.294,0.497,15.2,64.1,0.289,11,0.536585366,0.731707317,0.341463415,0.5625,0.641025641,0.477272727,0.266666667,12.5,0.595238095,0.537037037,1,0,0.266666667,0.533333333,0.533333333,223,0,0.011,0,2,0,7,0
1991,San Antonio Spurs,West,41.6,85.2,0.488,1,3.6,0.273,40.6,81.6,0.497,23,30,0.766,13.8,32.4,46.2,26.1,8.2,7,17.6,23.1,107.1,39.8,88.9,0.448,2.7,8.6,0.31,37.2,80.3,0.463,20.3,26.7,0.761,13.7,27.7,41.4,23.5,9.8,5.3,15.4,24.5,102.6,26,55,27,53,29,4.51,-0.21,4.3,107.8,103.3,4.5,98.6,0.352,0.043,0.544,0.494,15.2,33.3,0.269,0.463,13.2,70.3,0.228,6,0.670731707,0.804878049,0.536585366,0.538461538,0.764705882,0.568181818,0.066666667,6.25,0.738095238,0.631578947,1,0.4,0.4,0.533333333,1.616666667,241,1,0.322,0.154,3,4,4,0
1991,Orlando Magic,West,40.2,88.5,0.455,3.3,9.2,0.358,36.9,79.3,0.466,22.2,29.8,0.743,15,29.6,44.7,22.1,7.3,3.7,17,24.1,105.9,42.1,88.2,0.478,2.7,8.2,0.331,39.4,80,0.493,22.9,29.9,0.767,13.4,30.5,43.8,25.8,8.6,8,14.8,24.2,109.9,26.1,31,51,31,51,-3.98,0.18,-3.79,105.9,109.9,-4,99.5,0.337,0.104,0.521,0.473,14.3,33,0.251,0.493,12.8,68.9,0.26,19,0.37804878,0.585365854,0.170731707,0.583333333,0.325,0.25,0,0,0.25,0.461538462,0,0,0,0,0,0,0,0,0,0,0,10,0
1991,New Jersey Nets,East,40.4,91,0.444,2,7.1,0.275,38.4,83.8,0.458,20.2,27.4,0.739,17.1,28.6,45.7,21.7,9.1,7.3,17.4,23.8,102.9,41.1,87.9,0.468,1.7,5.4,0.308,39.5,82.5,0.479,23.5,30.4,0.773,15.7,30.8,46.5,21.2,10.1,6.6,17.7,23.1,107.5,26.2,26,56,29,53,-4.51,-0.02,-4.53,102.9,107.4,-4.5,99.3,0.301,0.079,0.5,0.455,14.4,35.7,0.222,0.478,14.9,64.6,0.267,24,0.317073171,0.487804878,0.146341463,0.363636364,0.25,0.260869565,0,0,0.318181818,0.296296296,0,0,0,0,0.333333333,0,0,0,0,0,0,12,0
1991,Chicago Bulls,East,44.3,86.9,0.51,1.9,5.2,0.366,42.4,81.7,0.519,19.6,25.7,0.76,14,28.6,42.6,27,10,5.3,14.4,21.4,110,39.8,84,0.475,2.3,7.6,0.304,37.5,76.3,0.492,19,24.6,0.77,13,26.4,39.3,24.6,7.7,4.2,17.1,22.3,101,26.9,61,21,63,19,9.1,-0.53,8.57,114.6,105.2,9.4,95.6,0.296,0.06,0.56,0.521,12.8,34.7,0.225,0.488,15.3,68.8,0.226,2,0.743902439,0.853658537,0.634146341,0.454545455,0.843137255,0.568181818,1,100,0.69047619,0.773584906,1,0.666666667,1.533333333,1.6,1.766666667,402,0,2.896,0.522,5,3,1,1
1991,Dallas Mavericks,West,39.6,84,0.471,2.4,7.3,0.322,37.2,76.7,0.485,18.4,24.2,0.761,12,28.8,40.8,22.2,7.1,4.8,14.5,22.4,99.9,40.8,84.7,0.482,2.2,7.1,0.305,38.6,77.6,0.498,20.7,28,0.74,13.6,30.4,44,24.7,7.9,4.9,14,21.7,104.5,30.6,28,54,29,53,-4.57,0.31,-4.27,105.5,110.3,-4.8,94.2,0.288,0.087,0.528,0.485,13.3,28.3,0.219,0.495,12.6,67.9,0.245,22,0.341463415,0.487804878,0.195121951,0.6,0.268292683,0.270833333,0,0,0.365853659,0.321428571,0,0,0.666666667,1.133333333,1.4,0,0,0,0,0,0,12,0
1991,Washington Bullets,East,41.3,88.6,0.466,0.7,3.5,0.194,40.7,85.2,0.478,18,24.7,0.729,14.3,29.1,43.5,25.4,7.2,5.7,16.6,23.5,101.4,41.4,88.8,0.466,2,6.8,0.299,39.4,82,0.48,21.5,27.9,0.771,15,30.2,45.2,22.7,8.9,6,15.3,21.7,106.4,26.5,30,52,28,54,-4.98,0.14,-4.84,103,108.1,-5.1,97.5,0.279,0.039,0.509,0.47,14.3,32.2,0.203,0.478,13.1,66,0.242,20,0.365853659,0.512195122,0.219512195,0.529411765,0.263157895,0.276595745,0,0,0.454545455,0.351851852,0,0,0.133333333,0.333333333,0.65,0,0,0,0,0,0,10,0
1991,Charlotte Hornets,East,40.1,85.8,0.467,1.6,5.1,0.314,38.5,80.7,0.477,21,27,0.779,12.5,26.8,39.4,24.6,9.3,3.7,15.7,23.7,102.8,41.6,84.3,0.493,1.9,6.1,0.316,39.6,78.2,0.507,23,29.8,0.772,14,30.7,44.7,26.1,8.2,5.9,17.1,22.5,108,25.5,26,56,27,55,-5.24,0.3,-4.95,105,110.4,-5.4,97.3,0.315,0.059,0.526,0.477,13.9,29,0.245,0.504,15,65.7,0.272,23,0.317073171,0.414634146,0.219512195,0.272727273,0.2,0.244897959,0,0,0.30952381,0.309090909,0,0,0,0,0,0,0,0,0,0,0,11,0
1991,Los Angeles Clippers,West,41.4,89.2,0.464,1.4,5.3,0.26,40,83.9,0.476,19.5,27.7,0.702,15.2,30.5,45.7,25.8,8.8,6.2,17.5,24.9,103.5,40.7,87.2,0.467,2.4,7.2,0.336,38.3,80,0.478,23.2,30.8,0.752,13.6,30.4,44,24.2,9.4,6,16,23,107,25.1,31,51,32,50,-3.45,0.29,-3.16,103,106.5,-3.5,99.9,0.311,0.059,0.511,0.471,14.7,33.3,0.218,0.481,13.7,69.2,0.266,18,0.37804878,0.56097561,0.195121951,0.375,0.357142857,0.285714286,0,0,0.340909091,0.377358491,0,0,0,0,0,0,0,0,0,0,0,9,0
1991,Milwaukee Bucks,East,40.7,84.7,0.48,3.1,9.2,0.341,37.6,75.5,0.497,21.9,27.3,0.801,13.2,26.4,39.5,25.3,10.9,4,16.1,24.8,106.4,40.1,82.6,0.486,2.3,7,0.329,37.8,75.6,0.5,21.4,28.2,0.759,13.5,28.2,41.7,24.7,8.6,5.6,18.7,23.3,104,29.3,48,34,48,34,2.48,-0.15,2.33,109.7,107.2,2.5,96.1,0.323,0.108,0.55,0.499,14.3,31.8,0.258,0.5,16.4,66.1,0.259,10,0.585365854,0.804878049,0.365853659,0.5,0.666666667,0.5,0,6.25,0.6,0.509433962,1,0.066666667,0.4,1.466666667,2.833333333,350,1,0.259,0.637,3,6,4,0
1991,Seattle SuperSonics,West,42.7,86.8,0.492,1.7,5.2,0.319,41,81.6,0.503,19.6,26.1,0.75,14.9,26.5,41.4,24.9,10.5,4.6,17.1,24.1,106.6,40.1,82.2,0.488,2.5,7.7,0.327,37.5,74.5,0.504,22.8,30,0.759,13.5,26.2,39.7,22.6,8.9,5.4,18.1,22.2,105.4,26.2,41,41,44,38,1.23,0.08,1.31,109.7,108.5,1.2,96.2,0.301,0.06,0.542,0.501,14.8,36.3,0.226,0.503,16,66.3,0.277,15,0.5,0.682926829,0.317073171,0.4375,0.525,0.318181818,0.133333333,6.25,0.476190476,0.527272727,1,0,0.333333333,0.8,1.183333333,234,0,0,0.013,0,0,8,0
1991,Philadelphia 76ers,East,40.1,84.5,0.475,2.4,7.5,0.316,37.7,76.9,0.491,22.8,28.9,0.79,12,30.4,42.4,22.2,8.3,5.8,15,19.9,105.4,43.1,90.6,0.476,2.4,8,0.297,40.7,82.6,0.493,16.9,21.9,0.774,14.1,30.7,44.8,27.1,8.4,4.8,14.4,22.7,105.6,28.4,44,38,41,41,-0.18,-0.21,-0.39,107.9,108.1,-0.2,95.7,0.342,0.089,0.542,0.489,13.4,28.1,0.27,0.489,12.5,68.3,0.187,12,0.536585366,0.707317073,0.365853659,0.55,0.5,0.512195122,0.266666667,12.5,0.547619048,0.471698113,1,0.266666667,0.266666667,1.333333333,4.216666667,308,1,1.241,0.484,5,2,5,0
1991,Indiana Pacers,East,42.1,85.3,0.493,3,9.1,0.332,39,76.2,0.513,24.5,30.2,0.811,12.4,29,41.4,26.6,8,4.4,16.5,25.5,111.7,43.6,89,0.49,2.3,7.4,0.305,41.4,81.6,0.507,22.6,30.4,0.743,14.7,28.2,42.9,25.2,8.9,4.3,15.4,24.8,112.1,26.4,41,41,40,42,-0.39,0.02,-0.37,111.7,112.1,-0.4,99.4,0.354,0.107,0.566,0.511,14.4,30.6,0.287,0.503,13.1,66.4,0.254,14,0.5,0.707317073,0.292682927,0.466666667,0.5,0.363636364,0.133333333,6.25,0.428571429,0.566037736,1,0,0,0.066666667,0.066666667,139,1,0,0,0,0,7,0
1991,Denver Nuggets,West,47.6,108.1,0.44,3.7,12.9,0.283,43.9,95.2,0.461,21,27.6,0.763,18.5,30.9,49.4,24.5,10.4,5,16.2,27.3,119.9,49.7,97.1,0.512,2.4,6.1,0.386,47.3,91,0.52,29,37.4,0.775,15.1,37.4,52.5,30.4,9.2,6.4,18.6,22.5,130.8,26.5,20,62,19,63,-10.91,0.6,-10.31,105.2,114.7,-9.5,113.7,0.255,0.119,0.498,0.457,11.9,33.1,0.195,0.524,14.1,67.1,0.299,27,0.243902439,0.414634146,0.073170732,0.8,0.12244898,0.104166667,0,0,0.302325581,0.264150943,0,0,0.333333333,1.2,1.666666667,0,0,0,0,0,0,14,0
1990,Phoenix Suns,West,43.2,87.1,0.496,2.1,6.6,0.324,41.1,80.4,0.511,26.3,33.1,0.795,12.8,32.3,45.2,25.7,8.1,6.1,15.5,22.3,114.9,43,92.5,0.465,2.4,6.9,0.355,40.6,85.7,0.474,19.3,26.4,0.733,14.7,28.5,43.1,25.9,8.3,4.8,15.3,26.2,107.8,26.7,54,28,58,24,7.1,-0.01,7.09,113.1,106.2,6.9,100.7,0.38,0.076,0.565,0.509,13.3,31.1,0.302,0.478,12.8,68.8,0.209,7,0.658536585,0.780487805,0.536585366,0.545454545,0.844444444,0.480769231,0.6,25,0.609756098,0.736842105,1,0.466666667,0.466666667,1.066666667,1.816666667,295,6,0.05,0,2,0,5,0
1990,New Jersey Nets,East,38.5,90.4,0.426,1.7,6.2,0.277,36.8,84.3,0.437,21.4,28.7,0.746,16.6,28.3,45,18,9.4,5.9,16.6,23.8,100.1,41.5,85.6,0.485,1.7,5.1,0.336,39.8,80.5,0.494,23.2,30.4,0.765,14,31.6,45.5,22.8,9.4,5.8,17.3,23,108,26.6,17,65,21,61,-7.87,0.05,-7.82,100.7,108.6,-7.9,99.3,0.317,0.068,0.486,0.435,13.9,34.5,0.237,0.495,14.9,67,0.272,27,0.207317073,0.317073171,0.097560976,0.3,0.128205128,0.120689655,0,0,0.279069767,0.166666667,0,0,0,0.333333333,0.333333333,0,0,0,0,0,0,13,0
1990,Sacramento Kings,West,40.3,86,0.468,2.6,7.9,0.333,37.7,78.1,0.482,18.5,24,0.771,11.6,28.8,40.4,25,6.7,4.8,15.1,22.7,101.7,41.3,87.3,0.473,2,6.2,0.316,39.3,81.1,0.485,22.3,28.3,0.787,14,30.9,44.8,24.7,8.6,4.8,14.2,21.2,106.8,26.4,23,59,28,54,-5.06,0.65,-4.41,104.8,110,-5.2,96.7,0.278,0.092,0.527,0.484,13.5,27.3,0.215,0.484,12.5,67.3,0.255,22,0.280487805,0.390243902,0.170731707,0.357142857,0.238095238,0.160714286,0,0,0.285714286,0.290909091,0,0,0,0,0,0,0,0,0,0,0,12,0
1990,Dallas Mavericks,West,39.6,83.3,0.475,1.9,5.9,0.323,37.7,77.4,0.487,21.2,27.6,0.767,12.7,29.5,42.2,21.7,8.1,4.9,15,21.1,102.2,40.1,85.5,0.469,2.1,7.2,0.298,38,78.4,0.484,19.8,26.4,0.753,13.9,29.2,43.2,23.9,7.9,4.7,15.1,22.3,102.2,29.2,47,35,41,41,0.07,0.35,0.42,107.2,107.2,0,94.5,0.331,0.071,0.536,0.487,13.6,30.3,0.254,0.481,13.4,67.9,0.232,10,0.573170732,0.731707317,0.414634146,0.7,0.512820513,0.452830189,0,6.25,0.545454545,0.592592593,1,0,0.733333333,1.4,1.4,216,0,0.001,0.026,0,1,6,0
1990,Philadelphia 76ers,East,41.9,85.7,0.489,2.3,6.6,0.348,39.6,79.1,0.501,24.1,30.6,0.788,13.5,29.3,42.9,23.6,8.4,4.5,14.7,20.7,110.2,41.7,86.8,0.48,2.6,7,0.37,39.1,79.8,0.49,19.3,25,0.771,13.6,28.7,42.3,26.3,7.8,4.6,15,23.7,105.2,27.4,53,29,54,28,4.99,-0.75,4.23,113.5,108.4,5.1,96.5,0.357,0.077,0.556,0.502,12.9,32,0.281,0.495,13.3,68.4,0.223,8,0.646341463,0.829268293,0.463414634,0.5,0.714285714,0.576923077,0.266666667,12.5,0.627906977,0.703703704,1,0,0.133333333,1.2,4.95,172,1,0.563,0,4,0,3,1
1990,Detroit Pistons,East,40.6,85.1,0.478,2.2,6.6,0.327,38.5,78.5,0.49,20.9,27.5,0.761,14.5,30,44.4,24.3,6.2,5.1,15,23.9,104.3,37.1,83,0.447,2.3,6.8,0.333,34.8,76.2,0.457,21.8,28.6,0.762,12.7,27.8,40.5,21.5,7.4,3.7,15.2,25.3,98.3,29.5,59,23,57,25,6.09,-0.68,5.41,109.9,103.5,6.4,94.4,0.323,0.078,0.537,0.49,13.4,34.2,0.245,0.461,13.7,70.3,0.262,2,0.719512195,0.853658537,0.585365854,0.6,0.8,0.636363636,1,100,0.688888889,0.773584906,1,1,2.6,3.133333333,3.133333333,631,10,0.356,0.297,5,2,1,1
1990,Cleveland Cavaliers,East,39.2,85.1,0.461,4.2,10.4,0.407,35,74.7,0.468,20,26.8,0.744,13.8,29,42.8,25.7,7.9,6.2,15.2,20.3,102.6,41.7,87,0.479,1.9,6.1,0.312,39.8,80.9,0.492,17.6,23.1,0.761,13.8,29.9,43.7,26.1,8.3,4.6,15.8,23.1,102.9,26.1,42,40,40,42,-0.3,-0.31,-0.62,106.9,107.2,-0.3,95,0.315,0.122,0.529,0.485,13.5,31.5,0.235,0.49,14,67.7,0.202,14,0.512195122,0.658536585,0.365853659,0.75,0.523809524,0.381818182,0.133333333,6.25,0.452380952,0.563636364,1,0.133333333,0.266666667,0.333333333,0.333333333,216,0,0.03,0.172,1,3,7,0
1990,Charlotte Hornets,West,39.9,87.6,0.455,2.5,7.5,0.336,37.4,80.1,0.466,18.1,24,0.756,11.7,27,38.7,25.4,9.5,3.2,15,23,100.4,41.9,84.4,0.497,1.6,5.1,0.314,40.3,79.3,0.509,22.7,29,0.784,13,33.2,46.2,25.2,7.8,4.7,16.8,21.4,108.2,25.6,19,63,21,61,-7.82,0.81,-7,102,109.9,-7.9,98.1,0.274,0.085,0.511,0.47,13.2,26.1,0.207,0.506,14.7,67.5,0.269,24,0.231707317,0.317073171,0.146341463,0.5,0.14893617,0.155172414,0,0,0.195121951,0.232142857,0,0,0,0,0,0,0,0,0,0,0,14,0
1990,Portland Trail Blazers,West,43.6,92,0.473,2.3,6.9,0.336,41.2,85.1,0.484,24.8,33.3,0.743,16.5,31.1,47.6,25.4,9.1,4.4,16.5,25,114.2,40.9,88.1,0.464,2.8,8.4,0.331,38.1,79.7,0.478,23.4,30.5,0.767,12.9,28.7,41.6,24.7,8.1,5.3,18.2,25.4,107.9,26.7,59,23,57,25,6.32,0.16,6.48,110.5,104.4,6.1,102.3,0.362,0.075,0.535,0.486,13.4,36.5,0.269,0.479,15.2,70.8,0.265,3,0.719512195,0.853658537,0.585365854,0.538461538,0.804878049,0.641509434,0.8,50,0.720930233,0.754716981,1,0,0.133333333,0.6,1.016666667,171,0,0.167,0.025,2,1,2,1
1990,Milwaukee Bucks,East,41.2,87.1,0.473,2.5,8.2,0.312,38.7,79,0.49,21,27.7,0.758,13.5,27.4,40.9,25,10.1,4,16,25.4,106,40.1,83.8,0.479,2.2,6.9,0.321,37.9,76.9,0.493,24.3,31.3,0.774,14.1,29.3,43.5,24.7,8.4,5.4,18.4,22.9,106.8,28.1,44,38,39,43,-0.78,-0.28,-1.06,107.3,108.1,-0.8,98,0.318,0.094,0.533,0.488,13.9,31.5,0.241,0.492,15.8,66,0.29,12,0.536585366,0.658536585,0.414634146,0.470588235,0.5,0.418181818,0.066666667,6.25,0.568181818,0.537037037,1,0.2,0.733333333,1.933333333,3.016666667,302,1,0.115,0.78,1,8,6,0
1990,San Antonio Spurs,West,41.3,85.3,0.484,0.7,2.8,0.239,40.7,82.6,0.492,23,30.9,0.745,14.2,30.2,44.4,24.8,9.7,6.8,17.1,22.6,106.3,39.9,86.5,0.461,2.8,7.6,0.37,37,78.9,0.47,20.3,26.5,0.767,13.7,27.3,41,24,9.3,5.1,17.3,23.4,102.8,26.4,56,26,50,32,3.49,0.09,3.58,107.7,104.2,3.5,98.5,0.362,0.032,0.537,0.488,14.7,34.2,0.27,0.477,15,68.7,0.235,4,0.682926829,0.829268293,0.536585366,0.769230769,0.71875,0.557692308,0.4,12.5,0.69047619,0.660714286,1,0,0,0.133333333,1.3,245,0,0.208,0,2,2,3,1
1990,Washington Bullets,East,43.9,92.5,0.475,0.5,2.4,0.188,43.4,90,0.482,19.5,25.5,0.764,14.6,29.9,44.5,27,6.8,5.2,14.6,23.5,107.7,42.8,90.3,0.474,1.7,5.8,0.3,41.1,84.5,0.486,22.5,29,0.777,14.6,30.5,45.1,23.8,7.9,5.2,14.6,21.7,109.9,27.5,31,51,35,47,-2.16,-0.27,-2.43,107.5,109.7,-2.2,99.4,0.276,0.026,0.519,0.477,12.4,32.4,0.211,0.484,12.4,67.2,0.249,20,0.37804878,0.487804878,0.268292683,0.25,0.368421053,0.25862069,0,0,0.340909091,0.351851852,0,0,0.133333333,0.4,0.65,0,0,0,0,0,0,10,0
1990,Atlanta Hawks,East,41.7,85.6,0.487,1.5,5,0.302,40.2,80.6,0.498,23.7,31,0.764,15.5,26.7,42.2,22.2,8.7,4.3,15.5,22.8,108.5,41.9,84.6,0.496,2.2,6.5,0.34,39.7,78.1,0.509,21.5,27.8,0.772,14,27.3,41.3,26.1,8.2,4.7,15.8,23.9,107.5,28.6,41,41,44,38,1.02,-0.39,0.64,113,111.9,1.1,95.8,0.362,0.059,0.547,0.496,13.5,36.3,0.277,0.509,14,65.5,0.254,17,0.5,0.609756098,0.390243902,0.625,0.527777778,0.381818182,0,0,0.512195122,0.454545455,0,0.133333333,0.8,1.2,1.366666667,0,0,0,0,0,0,9,0
1990,Indiana Pacers,East,41.2,83,0.497,3.6,9.4,0.382,37.6,73.6,0.511,23.2,28.5,0.816,11.5,29.1,40.6,24.7,6.7,4.3,16.4,24,109.3,42.5,88.1,0.482,2.1,6.6,0.32,40.4,81.5,0.496,22,29.2,0.753,14.3,28,42.3,23.7,8.7,3.9,14.5,24.6,109.1,26.4,42,40,41,41,0.16,-0.34,-0.18,111.5,111.4,0.1,97,0.343,0.113,0.572,0.518,14.6,29,0.28,0.494,12.6,67.1,0.25,15,0.512195122,0.682926829,0.341463415,0.615384615,0.515151515,0.436363636,0,6.25,0.522727273,0.425925926,1,0,0.066666667,0.066666667,0.066666667,199,0,0.039,0.065,0,0,8,0
1990,Chicago Bulls,East,43.1,86.5,0.498,3,8.2,0.374,40,78.3,0.511,20.3,26.1,0.778,13.1,27.8,40.9,26.5,9.9,4.7,15.2,23.2,109.5,41,83.2,0.493,2.5,7.1,0.351,38.5,76.1,0.506,21.8,29.2,0.746,13,28,41,25.7,8.1,4.7,17.2,21.2,106.2,26.1,55,27,50,32,3.26,-0.51,2.74,112.3,109,3.3,96.7,0.302,0.094,0.559,0.516,13.4,31.9,0.235,0.508,15.2,68.1,0.262,5,0.670731707,0.87804878,0.463414634,0.533333333,0.684210526,0.618181818,0.666666667,25,0.651162791,0.666666667,1,0.6,0.866666667,0.933333333,1.1,274,0,2.283,0.511,4,2,2,1
1990,Golden State Warriors,West,42.5,87.9,0.484,3,9.1,0.324,39.6,78.8,0.503,28.2,34.9,0.809,11.2,29.1,40.2,24.1,9.2,6,17.3,24.5,116.3,45.9,96.2,0.478,3.2,8.9,0.356,42.7,87.2,0.49,24.4,32.1,0.759,18.2,31.6,49.9,28.4,10,5.2,17.3,27.1,119.4,26,37,45,33,49,-3.13,0.59,-2.55,109.6,112.6,-3,105.9,0.397,0.104,0.563,0.501,14.3,26.1,0.321,0.494,13.6,61.5,0.253,19,0.451219512,0.658536585,0.243902439,0.583333333,0.361702128,0.333333333,0,0,0.476190476,0.490909091,0,0.266666667,0.533333333,0.533333333,0.533333333,0,0,0,0,0,0,10,0
1990,Minnesota Timberwolves,West,37.4,83.9,0.446,0.9,3.6,0.248,36.5,80.3,0.455,19.5,26.1,0.747,14.6,25,39.6,22.5,9.6,4.2,14.6,23.2,95.2,37.6,77.9,0.482,1.6,4.8,0.33,36,73.2,0.492,22.7,29.5,0.768,12.8,28.3,41.1,22.9,7,6,16.7,21.3,99.4,26.2,22,60,29,53,-4.23,0.63,-3.6,103.6,108.2,-4.6,91.1,0.311,0.043,0.499,0.451,13.3,34,0.232,0.492,15.5,66.2,0.291,23,0.268292683,0.414634146,0.12195122,0.3125,0.238095238,0.206896552,0,0,0.214285714,0.301886792,0,0,0,0,0,0,0,0,0,0,0,13,0
1990,Miami Heat,East,41.3,89.6,0.461,1.1,3.7,0.293,40.2,85.9,0.468,17,24.7,0.687,15.1,28.2,43.4,23.9,9,4.7,19,25.9,100.6,41.7,85.5,0.488,1.9,5.6,0.342,39.8,79.9,0.498,25,33.1,0.755,13.7,30.1,43.8,25.3,10.5,5.8,18,21.7,110.3,24.7,18,64,18,64,-9.72,0.13,-9.59,99.3,108.9,-9.6,101,0.276,0.041,0.501,0.467,15.9,33.5,0.19,0.499,15.2,67.3,0.292,25,0.219512195,0.268292683,0.170731707,0.363636364,0.130434783,0.120689655,0,0,0.2,0.211538462,0,0,0,0,0,0,0,0,0,0,0,11,0
1990,Los Angeles Clippers,West,40.5,83.6,0.484,0.7,2.8,0.243,39.8,80.8,0.493,22.1,30,0.738,12.9,28.8,41.7,24.1,9.5,6.2,18.9,22.7,103.8,41.9,87.9,0.476,2.3,7,0.323,39.6,80.9,0.49,21.2,27.5,0.772,14,28.9,42.9,25.5,10.1,5.2,16.6,23.8,107.2,24.5,30,52,32,50,-3.39,0.59,-2.8,104,107.4,-3.4,99.2,0.359,0.034,0.536,0.488,16.3,30.9,0.265,0.489,14.3,67.3,0.241,21,0.365853659,0.487804878,0.243902439,0.4,0.34375,0.298245614,0,0,0.441860465,0.357142857,0,0,0,0,0,0,0,0,0,0,0,11,0
1990,Houston Rockets,West,42.5,88.4,0.48,1.9,6,0.312,40.6,82.4,0.493,19.9,27.6,0.72,14.8,32.2,47,26.8,9.9,6.7,18.5,23.6,106.7,41.5,89.3,0.464,2,6.8,0.293,39.5,82.5,0.478,20.4,27.5,0.741,14.3,30,44.3,24.5,9.6,4.8,17.4,22.2,105.3,27.9,41,41,45,37,1.46,0.24,1.71,104.8,103.4,1.4,101.2,0.313,0.068,0.531,0.491,15.5,33.1,0.225,0.475,14.7,69.2,0.228,16,0.5,0.756097561,0.243902439,0.272727273,0.585365854,0.41509434,0.066666667,6.25,0.465116279,0.557692308,1,0.066666667,0.466666667,1.466666667,2.716666667,145,0,0.559,0.382,4,3,8,0
1990,Utah Jazz,West,40.6,80.4,0.505,2.8,7.7,0.359,37.9,72.7,0.521,22.9,30.3,0.754,11.6,30.5,42.1,27,8.3,6,17.2,24.8,106.8,38.6,84.7,0.455,2.1,6.9,0.309,36.5,77.9,0.468,22.7,29.9,0.761,13.4,27,40.4,23,9,5.5,15.1,23.3,102,27.6,55,27,54,28,4.79,0.03,4.82,110.3,105.4,4.9,96.1,0.377,0.096,0.57,0.522,15.5,30.1,0.284,0.468,13.4,69.5,0.268,6,0.670731707,0.87804878,0.463414634,0.727272727,0.7,0.576923077,0.133333333,6.25,0.714285714,0.666666667,1,0,0.533333333,1.2,1.2,210,0,0.536,1.167,4,7,4,0
1990,Boston Celtics,East,43.5,87.2,0.498,1.3,4.9,0.262,42.2,82.2,0.513,21.8,26.3,0.832,13,33,46,29.5,6.6,5.5,15.3,20.9,110,41.9,90,0.466,2.1,6.6,0.319,39.8,83.5,0.477,20.1,26,0.773,12.8,28.3,41,25.3,9,4.3,12.2,22.5,106,30.2,52,30,51,31,3.99,-0.76,3.23,112,107.9,4.1,98.2,0.301,0.057,0.557,0.506,13.4,31.5,0.251,0.477,10.8,72.1,0.223,9,0.634146341,0.731707317,0.536585366,0.636363636,0.731707317,0.557692308,0.133333333,6.25,0.619047619,0.648148148,1,0,1.466666667,4.333333333,6.5,685,12,6.266,0.325,15,16,4,0
1990,Los Angeles Lakers,West,41.9,85.5,0.49,3.8,10.3,0.367,38.1,75.2,0.507,23.2,29.5,0.787,13.4,30,43.4,27.2,8,5.4,15,21.2,110.7,41.2,88.4,0.467,2.1,6.3,0.337,39.1,82,0.477,19.3,25.7,0.75,13.8,27.4,41.1,24.5,8.2,5.2,14.6,23.3,103.9,28.9,63,19,58,24,6.78,-0.04,6.74,114,107,7,96.3,0.345,0.12,0.562,0.512,13.2,32.8,0.271,0.479,12.8,68.5,0.219,1,0.768292683,0.902439024,0.634146341,0.461538462,0.810810811,0.705882353,0.266666667,12.5,0.738095238,0.763636364,1,0.733333333,2.733333333,5.2,7.95,756,21,3.911,0.658,8,8,1,1
1990,Denver Nuggets,West,45.3,97.7,0.464,2.8,8.3,0.337,42.5,89.5,0.475,21.2,26.8,0.789,14.3,30.9,45.1,27.7,9.9,4,13.9,25,114.6,43.8,89.4,0.489,2,6.3,0.317,41.8,83.1,0.502,23.6,30.7,0.77,12.5,34.7,47.2,25.3,7.5,5.6,18.5,23.3,113.2,29.5,43,39,45,37,1.41,0.15,1.56,108,106.7,1.3,105.4,0.275,0.084,0.523,0.478,11.2,29.1,0.217,0.501,15.2,71.3,0.264,13,0.524390244,0.682926829,0.365853659,0.692307692,0.545454545,0.403846154,0,6.25,0.547619048,0.452830189,1,0,0.333333333,1.333333333,1.666666667,362,0,0.246,0.18,6,5,7,0
1990,Orlando Magic,East,42.2,91.8,0.459,1.4,4.8,0.295,40.7,87,0.468,25.1,33.2,0.756,15.9,30.1,46,24.3,7.5,3.6,17.2,24.1,110.9,47.1,94.6,0.498,2.4,6.8,0.353,44.7,87.8,0.509,23.1,30.5,0.758,14.3,31.3,45.6,28.5,9,6.8,14.8,25.1,119.8,26.5,18,64,21,61,-8.91,0.19,-8.73,105.8,114.3,-8.5,104.1,0.362,0.052,0.521,0.467,13.9,33.7,0.274,0.511,12.1,67.8,0.245,26,0.219512195,0.292682927,0.146341463,0.363636364,0.095238095,0.183333333,0,0,0.302325581,0.169811321,0,0,0,0,0,0,0,0,0,0,0,12,0
1990,New York Knicks,East,41.9,86.5,0.484,2.9,8.7,0.332,39,77.8,0.501,21.6,28.6,0.756,14.5,29.6,44.1,26.1,8.7,6,17.2,22.3,108.3,42.6,90.6,0.471,2.1,6.6,0.315,40.6,84,0.483,19.5,25.6,0.761,15.2,27.9,43.1,25.9,8.8,5.1,15.7,22.8,106.9,26.5,45,37,45,37,1.41,-0.63,0.78,109.4,108,1.4,98.2,0.331,0.1,0.547,0.501,14.8,34.2,0.25,0.482,13.3,66,0.215,11,0.548780488,0.707317073,0.390243902,0.4,0.526315789,0.403846154,0.266666667,12.5,0.627906977,0.454545455,1,0.333333333,0.4,0.8,0.966666667,292,1,0.239,0.348,2,6,5,0
1990,Seattle SuperSonics,West,42.3,88.3,0.479,2.8,7.9,0.355,39.5,80.4,0.491,19.6,26.4,0.741,16.1,27.5,43.6,22.9,8.5,4.1,16.3,25.2,106.9,39.7,81.8,0.486,2.2,6.3,0.342,37.5,75.4,0.498,24.3,30.9,0.786,12.3,26.9,39.2,22.7,7.7,5,15.9,21.9,105.9,25.6,41,41,44,38,1.04,0.36,1.4,110.9,109.8,1.1,95.3,0.299,0.09,0.535,0.494,14,37.5,0.222,0.499,14.3,69.1,0.297,18,0.5,0.731707317,0.268292683,0.454545455,0.5,0.365384615,0,0,0.463414634,0.5,0,0.2,0.8,0.933333333,1.766666667,0,0,0,0,0,0,9,0
1989,Los Angeles Lakers,West,43.7,87.1,0.502,2.8,8.1,0.34,40.9,79,0.518,24.5,30.6,0.802,13.3,31.9,45.2,27.8,8.8,5.1,16.4,20.4,114.7,43.2,92,0.47,2.4,7.2,0.33,40.8,84.8,0.481,18.8,25,0.752,14.4,27.1,41.5,26.3,9.2,5.3,15.4,23.7,107.5,29.5,57,25,58,24,7.17,-0.79,6.38,113.8,106.7,7.1,100.1,0.351,0.093,0.57,0.518,14,33,0.282,0.482,13,68.9,0.205,3,0.695121951,0.853658537,0.536585366,0.5625,0.777777778,0.555555556,0.733333333,50,0.697674419,0.716981132,1,1,2.533333333,5.133333333,7.466666667,864,28,9.228,0.658,22,18,1,1
1989,Chicago Bulls,East,42,85,0.495,2.1,6.5,0.328,39.9,78.5,0.509,20.2,25.7,0.786,12.4,29.9,42.3,27,8.8,4.6,16.2,22.6,106.4,41,86.6,0.474,2.4,7.2,0.327,38.6,79.4,0.487,20.6,26.7,0.773,13.1,28,41.2,25.6,8.4,4.2,15.3,21.7,105,26.4,47,35,45,37,1.44,0.69,2.13,109.1,107.7,1.4,97,0.302,0.076,0.553,0.507,14.4,30.7,0.238,0.487,13.5,69.5,0.239,9,0.573170732,0.731707317,0.414634146,0.692307692,0.567567568,0.450980392,0.6,25,0.585365854,0.581818182,1,0.266666667,0.266666667,0.333333333,0.5,244,1,1.579,0.476,3,1,6,0
1989,New Jersey Nets,East,40.6,88.1,0.461,2.3,6.9,0.329,38.4,81.2,0.473,20.2,27.6,0.731,14.7,29.5,44.2,21.9,9.4,5.3,17.7,24,103.7,43.4,87.3,0.497,1.9,6.2,0.309,41.5,81.1,0.512,21.3,27.9,0.765,12.6,30.2,42.8,26,9.1,5.9,16.8,22.4,110.1,26.8,26,56,25,57,-6.35,0.66,-5.69,103,109.3,-6.3,100.1,0.313,0.079,0.517,0.474,15,32.7,0.229,0.508,14.4,70.1,0.244,21,0.317073171,0.414634146,0.219512195,0.466666667,0.179487179,0.240740741,0,0,0.404761905,0.264150943,0,0,0,0.333333333,0.333333333,0,0,0,0,0,0,11,0
1989,Golden State Warriors,West,45.5,97.3,0.468,2.4,7.7,0.308,43.1,89.6,0.481,23.2,29.1,0.799,16.1,31.2,47.4,24.5,10.1,7.8,18.1,23.7,116.6,45,97.6,0.462,3.4,10,0.342,41.6,87.5,0.475,23.4,30.5,0.766,17.5,32.2,49.7,27,10.5,5.9,19,23.6,116.9,26,43,39,40,42,-0.3,-0.29,-0.59,107.4,107.7,-0.3,107.3,0.299,0.079,0.529,0.48,14.2,33.4,0.239,0.479,14.6,64.1,0.24,14,0.524390244,0.707317073,0.341463415,0.454545455,0.487804878,0.4,0.266666667,12.5,0.536585366,0.561403509,1,0,0.266666667,0.266666667,0.266666667,101,0,0.033,0.398,1,1,7,0
1989,Philadelphia 76ers,East,42.7,87.8,0.486,2.5,7.9,0.316,40.2,79.9,0.503,24,30.5,0.787,13.9,28.7,42.7,25.7,8.4,4.3,14.8,21,111.9,44.6,89,0.501,2.1,6,0.343,42.5,82.9,0.513,19.1,24.7,0.774,14,29.4,43.4,27.8,7.8,5.4,15.5,24.2,110.4,27,46,36,45,37,1.5,0.18,1.68,113,111.5,1.5,98.5,0.348,0.09,0.552,0.5,12.8,32.2,0.274,0.513,13.4,67.2,0.215,11,0.56097561,0.731707317,0.390243902,0.642857143,0.621621622,0.4375,0,6.25,0.558139535,0.58490566,1,0,0.533333333,2.2,5.366666667,235,3,0.452,0.274,3,5,7,0
1989,San Antonio Spurs,West,42.3,90.4,0.468,0.8,3.6,0.215,41.5,86.8,0.479,20.1,28.9,0.698,15.8,26.6,42.4,24.8,11.7,5.2,20.9,26.3,105.5,42.5,87.2,0.488,2.1,6.5,0.323,40.4,80.7,0.501,25.7,33.1,0.776,15.3,30,45.3,25.1,11.2,6.6,21.1,23.6,112.8,25.6,21,61,23,59,-7.28,-0.17,-7.45,100.9,107.9,-7,104.1,0.319,0.04,0.512,0.472,16.8,34.5,0.223,0.5,17.2,63.5,0.294,23,0.256097561,0.43902439,0.073170732,0.25,0.269230769,0.22,0,0,0.285714286,0.254545455,0,0,0,0.633333333,1.883333333,0,0,0,0,0,0,12,0
1989,Miami Heat,West,39.3,86.8,0.453,1.2,3.6,0.326,38.1,83.1,0.458,18,25.6,0.702,16,27,42.9,23.9,9.1,5,21.1,25.9,97.8,41.3,84.5,0.488,1.8,5.3,0.343,39.5,79.2,0.498,24.6,31.9,0.773,14.5,28.9,43.3,25.1,11.3,6.7,18.8,22.3,109,25.2,15,67,15,67,-11.23,0.1,-11.13,97.8,109,-11.2,99.1,0.296,0.042,0.498,0.459,17.7,35.6,0.208,0.499,16,65,0.292,25,0.182926829,0.292682927,0.073170732,0.666666667,0.071428571,0.12,0,0,0.097560976,0.218181818,0,0,0,0,0,0,0,0,0,0,0,13,0
1989,Dallas Mavericks,West,39.6,84.4,0.469,2.6,8.3,0.31,37,76,0.486,21.8,27.6,0.789,12.8,29.2,42,22.8,7.1,5.8,15,21.2,103.5,41.7,89.1,0.469,2,6.3,0.322,39.7,82.8,0.48,19.2,25.5,0.753,15,30.5,45.5,26,8,4.7,14.3,22.8,104.7,28.6,38,44,38,44,-1.21,-0.59,-1.79,107.4,108.6,-1.2,95.9,0.327,0.098,0.536,0.484,13.5,29.5,0.258,0.48,12.5,66.1,0.215,18,0.463414634,0.585365854,0.341463415,0.4,0.395348837,0.3,0,0,0.512195122,0.375,0,0.666666667,1.066666667,1.4,1.4,0,0,0,0,0,0,9,0
1989,Charlotte Hornets,East,41.8,90.6,0.461,1.6,5.2,0.312,40.1,85.4,0.47,19.3,25.1,0.767,13.9,26.8,40.7,28.3,8.6,3.2,16.1,25.2,104.5,43.4,86.7,0.5,1.4,4.9,0.288,42,81.9,0.512,24.9,32.1,0.776,14.5,32,46.5,25.1,8.7,5.4,17.4,21.8,113,27.2,20,62,21,61,-8.52,0.79,-7.74,103.7,112.1,-8.4,100.3,0.277,0.058,0.514,0.47,13.7,30.3,0.213,0.508,14.7,64.9,0.287,24,0.243902439,0.292682927,0.195121951,0.692307692,0.12195122,0.166666667,0,0,0.255813953,0.218181818,0,0,0,0,0,0,0,0,0,0,0,12,0
1989,Los Angeles Clippers,West,43,90.6,0.475,0.7,2.9,0.231,42.3,87.7,0.483,19.6,27.1,0.723,14.1,29.1,43.2,26.9,9.9,6.5,20.3,23.6,106.2,45.7,94.4,0.484,2.4,7,0.342,43.3,87.3,0.496,22.4,29.3,0.764,16.4,31.1,47.5,29.1,11.4,6.7,17.6,23,116.2,24.6,21,61,18,64,-9.91,0.41,-9.5,100.8,110.2,-9.4,104.4,0.299,0.032,0.518,0.478,16.5,31.2,0.216,0.497,14.1,64,0.237,22,0.256097561,0.414634146,0.097560976,0.533333333,0.133333333,0.215686275,0,0,0.238095238,0.203703704,0,0,0,0,0,0,0,0,0,0,0,11,0
1989,Boston Celtics,East,42.9,87.1,0.493,1,3.8,0.252,42,83.3,0.504,22.4,28.6,0.783,14.4,29.8,44.2,26.7,7.8,5.1,16.3,22.9,109.2,42.4,87.6,0.484,1.6,5.6,0.29,40.8,82,0.497,21.7,28,0.776,12.8,27.1,39.9,25.9,9.3,4.7,14.5,23.8,108.1,28.5,42,40,44,38,1.16,0.1,1.26,110.8,109.6,1.2,98.1,0.329,0.043,0.548,0.498,14,34.7,0.258,0.493,12.7,70,0.248,15,0.512195122,0.780487805,0.243902439,0.416666667,0.536585366,0.361702128,0,6.25,0.476190476,0.527272727,1,0.6,2.466666667,4.5,6.5,518,9,0.694,0.232,5,12,8,0
1989,Seattle SuperSonics,West,43.5,91.2,0.477,3.6,9.4,0.379,39.9,81.8,0.488,21.6,29,0.746,17,27.3,44.3,25.4,10.5,6,17.1,24.7,112.1,41.9,86.2,0.486,2.1,6.6,0.311,39.9,79.6,0.501,23.4,30.4,0.769,14.5,27.5,42,23.9,8.2,5,18.9,22.9,109.2,26.3,47,35,48,34,2.9,-0.46,2.44,111.5,108.6,2.9,100.1,0.318,0.104,0.539,0.496,14.1,38.3,0.237,0.498,16,65.3,0.271,10,0.573170732,0.756097561,0.390243902,0.5625,0.583333333,0.466666667,0.2,12.5,0.634146341,0.589285714,1,0.133333333,0.6,0.733333333,2.566666667,254,0,0.007,0.013,0,0,4,0
1989,New York Knicks,East,45.1,92.8,0.486,4.7,14,0.337,40.4,78.8,0.513,21.7,28.9,0.752,16.1,27.6,43.7,25.4,11,5.4,19.2,25,116.7,44.3,89.7,0.494,1.9,6.5,0.285,42.5,83.2,0.511,22.4,29.1,0.767,14.8,28.4,43.2,28,9.5,5.3,20.6,23.1,112.9,25.3,52,30,50,32,3.77,-0.15,3.62,111.1,107.5,3.6,104.4,0.311,0.151,0.553,0.512,15.4,36.2,0.234,0.504,16.7,65.1,0.249,6,0.634146341,0.853658537,0.414634146,0.533333333,0.675,0.531914894,0.333333333,12.5,0.636363636,0.62962963,1,0.066666667,0.066666667,0.633333333,0.633333333,115,0,0.004,0.05,1,0,4,0
1989,Washington Bullets,East,42.9,92.6,0.464,0.6,3,0.214,42.3,89.6,0.472,21.8,28.3,0.772,15.3,28.7,44,25,8.5,4,15.7,25,108.3,42.5,88.2,0.482,1.9,6.2,0.304,40.6,82,0.495,23.5,30.6,0.769,13.8,31,44.8,25.4,8,6.4,16.8,23.4,110.4,26.2,40,42,35,47,-2.16,0.39,-1.77,106.4,108.5,-2.1,100.8,0.305,0.032,0.516,0.467,13,33.1,0.236,0.493,14.2,67.5,0.267,16,0.487804878,0.731707317,0.243902439,0.615384615,0.342857143,0.333333333,0,0,0.4,0.571428571,0,0.133333333,0.266666667,0.4,1.4,0,0,0,0,0,0,9,0
1989,Denver Nuggets,West,46.5,99.3,0.468,2.8,8.2,0.337,43.7,91,0.48,22.2,28.2,0.787,14.7,30.6,45.4,27.8,9.9,5.3,14.9,25.5,118,45.1,91.3,0.495,1.9,5.4,0.352,43.2,85.8,0.504,24.1,32.7,0.737,13.9,34.9,48.8,26,8.1,5.9,19.5,24.4,116.3,29.8,44,38,45,37,1.7,-0.78,0.91,108.6,107.1,1.5,107.5,0.284,0.083,0.528,0.482,11.8,29.6,0.224,0.505,15.6,68.9,0.264,13,0.536585366,0.853658537,0.219512195,0.4375,0.555555556,0.477272727,0,6.25,0.5,0.5,1,0.333333333,0.666666667,1.583333333,1.75,426,0,0.245,0.076,6,2,6,0
1989,Indiana Pacers,East,41.3,84.7,0.487,2.5,7.5,0.328,38.8,77.2,0.503,21.9,27.7,0.789,13,30.5,43.4,24.5,6.9,5.1,18.9,25.7,106.9,42.1,90.2,0.467,2,6.7,0.305,40.1,83.6,0.479,24.8,31.8,0.781,15.7,28.2,43.9,24.8,10.2,4.7,14.7,24.7,111.1,25.2,28,54,30,52,-4.17,1.17,-3,106.8,111,-4.2,99.2,0.328,0.089,0.552,0.502,16.3,31.5,0.258,0.478,12.4,66,0.275,19,0.341463415,0.487804878,0.195121951,0.4,0.305555556,0.275862069,0,0,0.261904762,0.418181818,0,0,0.066666667,0.066666667,0.066666667,0,0,0,0,0,0,10,0
1989,Detroit Pistons,East,41.4,83.9,0.494,1.5,4.9,0.3,39.9,79,0.505,22.3,29,0.769,14.1,31,45.1,24.7,6.4,5,16.3,23.6,106.6,38.3,85.6,0.447,1.9,6.8,0.285,36.4,78.9,0.461,22.3,28.4,0.785,13.8,26.7,40.5,22.6,7.9,4.2,14.9,25.5,100.8,28.7,63,19,56,26,5.8,0.44,6.24,110.8,104.7,6.1,95.5,0.346,0.058,0.551,0.502,14.4,34.5,0.266,0.458,13.2,69.2,0.26,1,0.768292683,0.902439024,0.634146341,0.6,0.76744186,0.68627451,1,100,0.682926829,0.781818182,1,0.933333333,1.666666667,2.133333333,2.133333333,456,0,0.354,0.026,5,0,1,1
1989,Utah Jazz,West,38.8,80.4,0.482,1.4,4.6,0.3,37.4,75.8,0.494,25.7,33.4,0.77,12.8,31.8,44.6,25.7,8.8,7.1,18.7,23.1,104.7,38,87.4,0.434,2.3,7.4,0.305,35.7,80,0.446,21.5,28.6,0.754,14.9,27.2,42.1,22.1,9.5,6.2,16.2,25.4,99.7,27.4,51,31,55,27,5.02,-1.01,4.01,106.6,101.5,5.1,98,0.416,0.058,0.55,0.491,16.4,32,0.32,0.447,13.9,68.1,0.246,7,0.62195122,0.829268293,0.414634146,0.461538462,0.705882353,0.522727273,0,6.25,0.619047619,0.641509434,1,0.4,0.6,1.2,1.2,232,1,0.073,0.861,2,5,3,1
1989,Portland Trail Blazers,West,45.1,95.1,0.474,2.6,7.9,0.335,42.4,87.2,0.487,21.8,29.5,0.74,16.9,29,45.9,27,10.1,4.7,17.5,24.7,114.6,43.6,89.3,0.488,2.4,6.7,0.363,41.1,82.6,0.498,23.6,30.5,0.772,14,29.2,43.2,25.3,9,4.4,19.1,23.9,113.1,26.9,39,43,45,37,1.46,-0.55,0.92,109.4,108,1.4,103.9,0.31,0.083,0.53,0.488,13.9,36.7,0.23,0.501,15.7,67.4,0.264,17,0.475609756,0.682926829,0.268292683,0.266666667,0.594594595,0.32,0,6.25,0.536585366,0.418181818,1,0.066666667,0.2,0.85,1.1,286,2,0.115,0.013,1,2,8,0
1989,Atlanta Hawks,East,41.6,88.2,0.472,1.3,4.8,0.277,40.3,83.3,0.483,26.4,33,0.8,16.7,28.2,45,24.3,10,5.8,16,22.9,111,41,86.9,0.472,1.8,6.2,0.288,39.2,80.6,0.486,22.3,28.4,0.784,15.4,28.4,43.7,24.8,8.4,4.2,18.1,25.7,106.1,28.5,52,30,54,28,4.91,0.35,5.26,112.2,107.2,5,98.3,0.375,0.055,0.54,0.48,13.5,37.1,0.3,0.482,15.4,64.7,0.256,5,0.634146341,0.804878049,0.463414634,0.526315789,0.707317073,0.56,0.133333333,6.25,0.619047619,0.611111111,1,0.4,0.933333333,1.15,1.65,302,1,3.619,0.026,11,2,3,1
1989,Milwaukee Bucks,East,41.5,87.4,0.474,2.2,6.9,0.316,39.3,80.5,0.488,23.8,29,0.821,13.8,27.7,41.5,25.3,10,3.9,15.9,23.8,108.9,40.3,84.2,0.478,2.4,6.5,0.368,37.9,77.7,0.488,22.4,28.9,0.776,13.3,28.5,41.8,25.7,8.6,5.2,18.6,23.6,105.3,28.5,49,33,50,32,3.61,0.5,4.11,110.1,106.4,3.7,98.6,0.332,0.079,0.544,0.487,13.7,32.7,0.273,0.493,16.1,67.5,0.266,8,0.597560976,0.756097561,0.43902439,0.125,0.673913043,0.44,0.2,12.5,0.658536585,0.607142857,1,0.133333333,1,2.15,2.816666667,445,1,1.01,0.746,6,6,5,0
1989,Cleveland Cavaliers,East,42.3,84.2,0.502,2.1,5.8,0.359,40.2,78.4,0.513,22.2,29.7,0.747,12.6,30.2,42.8,27.6,9.6,7.1,16.1,19.4,108.8,41.3,89.6,0.461,2.1,6.2,0.339,39.2,83.4,0.47,16.6,21.3,0.777,14.8,27.8,42.6,24.9,8.4,4.4,17.4,24,101.2,26.1,57,25,60,22,7.6,0.35,7.95,110.6,102.9,7.7,98,0.353,0.069,0.559,0.514,14.2,31.2,0.264,0.473,15,67.1,0.185,2,0.695121951,0.902439024,0.487804878,0.461538462,0.8125,0.596153846,0.133333333,6.25,0.780487805,0.642857143,1,0.133333333,0.133333333,0.2,0.2,186,0,0,0.172,0,2,2,1
1989,Houston Rockets,West,41.6,87.8,0.474,2,6.4,0.314,39.6,81.4,0.487,23.3,30.8,0.755,14.8,31.1,45.9,24.6,9.6,6.1,19.1,24.7,108.5,41.6,88.9,0.468,2.3,6.5,0.35,39.3,82.4,0.478,22,28.9,0.761,14,29.6,43.6,24.6,9.8,5.4,17.7,24.5,107.5,26.8,45,37,44,38,0.95,-0.73,0.22,105.7,104.8,0.9,101.8,0.351,0.073,0.535,0.486,15.9,33.3,0.265,0.481,14.9,69,0.248,12,0.548780488,0.756097561,0.341463415,0.473684211,0.564102564,0.386363636,0.066666667,6.25,0.595238095,0.509433962,1,0.066666667,1.266666667,1.4,2.65,191,1,0.351,0.088,3,3,5,0
1989,Phoenix Suns,West,45.8,92,0.498,2,5.9,0.349,43.7,86.1,0.508,25,31.6,0.791,13.4,31.9,45.3,27.8,8.5,5.1,15.6,23.6,118.6,43.8,94.3,0.464,2.2,6.9,0.319,41.6,87.4,0.475,21.2,28.1,0.753,15.3,30,45.2,26.4,7.6,5.2,16.7,25.1,110.9,25.7,55,27,59,23,7.7,-0.86,6.84,113.1,105.7,7.4,104.5,0.344,0.064,0.56,0.509,12.8,30.8,0.272,0.476,13.5,67.7,0.225,4,0.670731707,0.853658537,0.487804878,0.555555556,0.70212766,0.6,0.466666667,25,0.634146341,0.709090909,1,0,0,0.683333333,2.1,108,0,0,0.092,0,3,2,1
1989,Sacramento Kings,West,41,89.6,0.457,3.7,10,0.373,37.3,79.6,0.468,19.8,25.7,0.77,13.9,29.9,43.8,24,7.6,5,16.7,22.9,105.5,43.8,90.5,0.484,2.2,7,0.316,41.6,83.5,0.498,21.3,28.1,0.759,14.3,31.8,46,25.7,9.3,5.4,15.7,22.2,111,25.2,27,55,27,55,-5.55,0.2,-5.35,104.5,110,-5.5,100.5,0.286,0.112,0.523,0.478,14.2,30.5,0.22,0.496,13.2,67.7,0.235,20,0.329268293,0.512195122,0.146341463,0.538461538,0.276595745,0.215686275,0,0,0.292682927,0.368421053,0,0,0,0,0,0,0,0,0,0,0,10,0
1988,Philadelphia 76ers,East,39.2,82.7,0.474,1.9,5.7,0.323,37.3,77,0.485,25.5,33.3,0.764,14.9,28.1,43,23.1,8.2,5.7,17.5,22.8,105.7,42.7,86.1,0.496,1.7,5.2,0.338,41,81,0.506,20,26.4,0.758,13.5,27.1,40.7,27,8.8,5.4,15.6,25.8,107.1,27.2,36,46,37,45,-1.44,0.65,-0.79,108.8,110.3,-1.5,96,0.403,0.069,0.543,0.485,15.2,35.4,0.308,0.506,13.8,67.5,0.232,17,0.43902439,0.658536585,0.219512195,0.214285714,0.414634146,0.354166667,0,0,0.463414634,0.421052632,0,0.133333333,1.066666667,3.2,5.795238095,0,0,0,0,0,0,10,0
1988,Sacramento Kings,West,42.2,89.5,0.471,1.8,5.5,0.32,40.4,84,0.481,21.9,28.3,0.772,15,30,45,25.8,7.1,6,17.8,23.1,108,45.3,91,0.498,1.5,4.5,0.324,43.9,86.5,0.507,21.6,28.4,0.761,14.1,29.6,43.6,26.5,9.6,6.5,14.6,23.8,113.7,26.1,24,58,27,55,-5.76,-0.08,-5.84,106.5,112.1,-5.6,100.9,0.317,0.061,0.53,0.481,14.8,33.7,0.245,0.506,12.3,68.1,0.237,20,0.292682927,0.463414634,0.12195122,0.588235294,0.236842105,0.215686275,0,0,0.3,0.314814815,0,0,0,0,0,0,0,0,0,0,0,10,0
1988,Los Angeles Lakers,West,43.6,86.3,0.505,1.7,5.8,0.297,41.9,80.5,0.52,23.9,30.2,0.789,13.1,30.4,43.5,28.6,8.2,4.9,16.1,20.9,112.8,43.3,91.1,0.476,1.6,5.4,0.298,41.7,85.7,0.487,18.8,24.6,0.761,14.3,27.4,41.8,26.8,8.9,4.8,15.2,23.7,107,28.9,62,20,56,26,5.84,-1.03,4.81,113.1,107.3,5.8,99.1,0.35,0.068,0.566,0.515,13.9,32.3,0.276,0.484,13,67.9,0.206,1,0.756097561,0.87804878,0.634146341,0.6,0.763157895,0.659090909,1,100,0.804878049,0.75,1,1,2.533333333,5.133333333,6.538095238,805,24,8.593,0.608,21,17,1,1
1988,San Antonio Spurs,West,45.2,92.2,0.49,1.6,5,0.323,43.6,87.2,0.5,21.6,29.4,0.733,14.4,28.5,42.9,28.6,9,5.7,17.3,24.3,113.6,47,93.6,0.502,1.9,5.5,0.349,45,88.1,0.511,22.6,29.1,0.776,15.8,30.6,46.4,30.1,8.4,6.5,17.4,24,118.5,26.2,31,51,29,53,-4.88,-0.14,-5.02,108.2,112.8,-4.6,104.4,0.319,0.055,0.54,0.499,14.1,32,0.234,0.512,14,64.4,0.242,18,0.37804878,0.56097561,0.195121951,0.615384615,0.230769231,0.294117647,0,6.25,0.435897436,0.315789474,1,0,0.133333333,0.966666667,2.026190476,69,0,0.008,0.551,1,2,8,0
1988,Milwaukee Bucks,East,41,86.3,0.475,1.6,5,0.324,39.4,81.3,0.485,22.3,28.8,0.775,13.6,28.5,42.1,26.8,8.2,4.6,15.5,24.3,106.1,40.8,86.1,0.473,1.6,5.4,0.301,39.2,80.7,0.485,22.3,29.4,0.76,14.3,29.3,43.6,26,7.6,5.5,16.4,23.8,105.5,28.6,42,40,42,40,0.54,0.68,1.21,108.2,107.6,0.6,97.6,0.334,0.058,0.536,0.485,13.6,31.8,0.259,0.483,14.2,66.6,0.259,13,0.512195122,0.731707317,0.292682927,0.529411765,0.538461538,0.431818182,0.133333333,6.25,0.525,0.473684211,1,0.4,1.066666667,2.183333333,3.04047619,431,1,1.007,0.848,6,9,6,0
1988,New York Knicks,East,41,88.2,0.465,2.2,6.9,0.316,38.8,81.3,0.478,21.3,28.1,0.759,15.7,26.8,42.4,24.5,9.6,5.4,18.5,28.8,105.5,39,81.8,0.477,1.4,4.6,0.304,37.7,77.3,0.487,26.5,34.2,0.776,14.1,27.9,41.9,24.5,8.6,5.5,19.9,24,106,25.3,38,44,40,42,-0.49,0.63,0.14,105.9,106.4,-0.5,99.1,0.319,0.078,0.525,0.477,15.5,36,0.242,0.486,17,65.5,0.324,14,0.463414634,0.707317073,0.219512195,0.55,0.5,0.408163265,0.066666667,6.25,0.333333333,0.527272727,1,0,0,0.566666667,0.70952381,110,1,0,0,0,0,7,0
1988,Cleveland Cavaliers,East,40.4,82.4,0.49,1.5,4.1,0.378,38.9,78.3,0.496,22.1,29.7,0.744,12.4,27.9,40.3,25.2,8.9,6.4,17.5,22.4,104.5,41.3,86.6,0.476,1.5,4.9,0.318,39.7,81.7,0.486,19.6,24.9,0.788,14.1,27.5,41.6,24.3,8.4,5.5,17.5,24.6,103.7,24.6,42,40,43,39,0.76,0.52,1.28,106.8,106,0.8,97.3,0.361,0.05,0.547,0.5,15.5,31,0.268,0.485,15.2,66.4,0.227,12,0.512195122,0.756097561,0.268292683,0.5,0.594594595,0.372093023,0.133333333,6.25,0.5,0.545454545,1,0,0.066666667,0.066666667,0.066666667,70,0,0,0.026,0,0,5,0
1988,Golden State Warriors,West,42.2,90.3,0.468,1.1,3.8,0.292,41.1,86.5,0.475,21.4,26.9,0.796,13.9,27.5,41.4,24.5,9,3.5,17,26.3,107,44.2,88.3,0.501,1.9,5.7,0.323,42.4,82.6,0.513,25,32.9,0.758,14.7,30.6,45.3,27.7,9.1,5.3,17.2,22.1,115.3,25.4,20,62,21,61,-8.32,-0.06,-8.38,104.7,112.9,-8.2,101.6,0.298,0.042,0.524,0.474,14.3,31.2,0.237,0.511,14.4,65.1,0.283,21,0.243902439,0.390243902,0.097560976,0.375,0.170731707,0.14,0,0,0.230769231,0.275862069,0,0.266666667,0.266666667,0.266666667,0.266666667,0,0,0,0,0,0,11,0
1988,Atlanta Hawks,East,42,86.6,0.485,1,3.4,0.301,41,83.2,0.492,22.8,29.8,0.767,15,29,44,25.1,7.7,6.5,14.9,25,107.9,39.5,84,0.471,1.7,5,0.335,37.9,79,0.48,23.5,30.2,0.777,14.1,28.7,42.8,24.1,7.8,4.3,16.1,24.5,104.3,26.8,50,32,51,31,3.6,0.42,4.02,111.3,107.6,3.7,96.4,0.344,0.04,0.541,0.491,13,34.3,0.264,0.481,14.2,67.3,0.28,7,0.609756098,0.731707317,0.487804878,0.476190476,0.642857143,0.488372093,0.4,12.5,0.674418605,0.545454545,1,0.266666667,0.533333333,0.75,1.25,225,0,0.69,0.159,2,2,3,1
1988,Portland Trail Blazers,West,44.6,91,0.491,1.4,4.6,0.308,43.2,86.3,0.501,25.4,32.9,0.77,15.3,30.4,45.6,28.1,8.9,4.2,16.5,25.5,116.1,42.6,89.5,0.476,1.7,5.6,0.305,40.9,83.9,0.487,24.7,32.1,0.768,14.1,29.3,43.3,26.3,7.9,4.6,17.6,26,111.5,27.1,53,29,52,30,4.52,-0.94,3.59,111.8,107.4,4.4,103.6,0.362,0.051,0.55,0.499,13.5,34.3,0.279,0.485,14.5,68.4,0.275,6,0.646341463,0.804878049,0.487804878,0.666666667,0.666666667,0.431818182,0.066666667,6.25,0.625,0.654545455,1,0.066666667,0.4,0.783333333,1.176190476,348,2,0.044,0,1,4,4,0
1988,Indiana Pacers,East,41.9,87.2,0.48,2,5.9,0.336,39.9,81.3,0.491,18.9,24.2,0.78,13.1,30,43.1,24.1,7.5,4.2,16.1,24.9,104.6,40.7,86.1,0.472,1.4,4.5,0.321,39.2,81.6,0.481,22.7,29.8,0.76,14.1,30.5,44.6,23.6,8.5,5,15.5,22.7,105.4,25.7,38,44,39,43,-0.79,0.62,-0.18,106.6,107.4,-0.8,98,0.277,0.068,0.535,0.492,14.1,30.1,0.216,0.481,13.5,67.9,0.263,16,0.463414634,0.609756098,0.317073171,0.55,0.444444444,0.346938776,0,0,0.487804878,0.446428571,0,0.066666667,0.066666667,0.066666667,0.066666667,0,0,0,0,0,0,9,0
1988,Chicago Bulls,East,41.9,85.5,0.49,0.7,3,0.23,41.2,82.6,0.499,20.5,27.1,0.759,14.3,30,44.3,26.2,8.7,5.8,15.4,22.5,105,40,85,0.47,1.3,4.5,0.293,38.6,80.5,0.48,20.4,26.9,0.757,12.5,27.7,40.1,25.4,7.3,5.1,15.2,22.9,101.6,25.5,50,32,50,32,3.4,0.35,3.76,109,105.5,3.5,95.5,0.317,0.035,0.539,0.494,13.6,34,0.24,0.478,13.5,70.6,0.24,8,0.609756098,0.731707317,0.487804878,0.5,0.675675676,0.558139535,0.266666667,12.5,0.619047619,0.636363636,1,0,0.066666667,0.066666667,0.233333333,153,1,0.748,0.039,2,0,4,0
1988,Dallas Mavericks,West,41.6,87.7,0.475,1.9,6.4,0.293,39.7,81.3,0.489,24.1,30.6,0.789,16.4,30.4,46.8,24.2,7.9,5.4,15.3,21.1,109.3,42.3,90.1,0.47,2,6.3,0.323,40.3,83.8,0.481,18.3,23.9,0.766,14.6,27.2,41.9,27.3,7.5,5.3,15,24.4,104.9,27,53,29,52,30,4.37,-0.77,3.59,112.2,107.7,4.5,97,0.349,0.073,0.54,0.485,13.2,37.5,0.275,0.481,13,67.5,0.203,5,0.646341463,0.804878049,0.487804878,0.5,0.659090909,0.511111111,0.666666667,25,0.7,0.631578947,1,0.066666667,0.466666667,0.733333333,0.733333333,183,0,0.039,0.013,0,1,3,1
1988,Boston Celtics,East,43.9,84.2,0.521,3.3,8.6,0.384,40.6,75.6,0.537,22.5,28,0.803,11.3,29.8,41.1,29.9,7.6,5.1,15.9,22,113.6,42.6,88.5,0.482,1.3,4.5,0.301,41.3,84.1,0.491,21,27.4,0.767,13.7,26.8,40.4,25.1,9,4.2,14.3,24.3,107.7,29.8,57,25,56,26,5.94,0.22,6.15,115.4,109.4,6,97.9,0.333,0.102,0.588,0.541,14.1,29.8,0.267,0.489,12.5,68.5,0.237,2,0.695121951,0.87804878,0.512195122,0.818181818,0.711111111,0.534883721,0.6,25,0.720930233,0.714285714,1,0.866666667,2.733333333,4.483333333,5.9,787,15,5.668,0.325,13,14,1,1
1988,Los Angeles Clippers,West,38.9,87.7,0.443,1,3.9,0.249,37.9,83.9,0.452,20,28.1,0.713,14.5,28.7,43.2,23,8.8,6.3,18.7,23.3,98.8,42.8,89.8,0.477,1.5,4.4,0.342,41.3,85.3,0.484,21.9,28.2,0.779,15.1,32.5,47.6,28,10.3,5.9,17.7,23.3,109.1,26.2,17,65,16,66,-10.32,0.07,-10.24,97.4,107.6,-10.2,100.8,0.32,0.044,0.494,0.449,15.7,30.9,0.229,0.486,14.8,65.4,0.244,23,0.207317073,0.341463415,0.073170732,0.583333333,0.12244898,0.14,0,0,0.243902439,0.155172414,0,0,0,0,0,0,0,0,0,0,0,12,0
1988,Seattle SuperSonics,West,43.2,90.8,0.476,2.7,7.8,0.346,40.5,83,0.488,22.3,29.8,0.748,16,28.2,44.2,26.2,9.5,5.5,16.8,29,111.4,40.2,82.9,0.485,1.6,4.9,0.325,38.6,78,0.495,27.3,36.5,0.749,13.8,28.1,41.9,24,7.4,5.2,18.7,23.9,109.3,25.6,44,38,46,36,2.06,-0.77,1.29,110.2,108.1,2.1,100.2,0.328,0.086,0.536,0.491,13.9,36.3,0.245,0.495,15.9,67.2,0.33,11,0.536585366,0.780487805,0.292682927,0.6,0.558139535,0.363636364,0.133333333,6.25,0.581395349,0.537037037,1,0.466666667,0.466666667,0.85,3.361904762,269,1,0.007,0,0,0,7,0
1988,Houston Rockets,West,42.3,89.7,0.471,0.8,3.5,0.237,41.4,86.1,0.481,23.6,30.3,0.78,15.1,30.9,46,23.6,8.7,6.1,16.7,22.7,109,42.1,90.5,0.465,1.3,4.8,0.275,40.8,85.7,0.476,22,28.7,0.767,15.4,30.6,45.9,23.8,9,4.5,17.1,24.5,107.6,27.7,46,36,45,37,1.39,-0.57,0.82,107.1,105.7,1.4,101.8,0.338,0.04,0.529,0.476,13.9,33.1,0.263,0.473,14.2,66.7,0.243,10,0.56097561,0.756097561,0.365853659,0.333333333,0.542857143,0.466666667,0.066666667,6.25,0.575,0.571428571,1,0.333333333,1.333333333,1.416666667,2.583333333,393,2,0.328,0,3,3,6,0
1988,Phoenix Suns,West,43.3,89,0.486,1.4,4.4,0.331,41.9,84.7,0.494,20.5,26.8,0.764,13.6,29,42.6,28.4,8.2,4.3,17.2,24.9,108.5,44,88.4,0.498,1.6,5.1,0.304,42.5,83.3,0.51,23.4,30.6,0.767,13.5,29.5,42.9,27.1,8.7,5.4,15.8,23.2,113,27.5,28,54,30,52,-4.48,-0.33,-4.8,107,111.4,-4.4,101.2,0.301,0.049,0.538,0.494,14.6,31.5,0.23,0.507,13.4,68.3,0.265,19,0.341463415,0.536585366,0.146341463,0.4,0.317073171,0.22,0,0,0.325,0.315789474,0,0,0,0.85,2.1,0,0,0,0,0,0,9,0
1988,Detroit Pistons,East,42.2,85.6,0.493,0.7,2.5,0.287,41.5,83.1,0.499,24.1,31.9,0.757,14.4,30.3,44.7,24.5,7.2,4.8,16.4,23.9,109.2,40.7,87,0.467,1.4,4.8,0.289,39.3,82.2,0.478,21.4,28,0.762,14,27.8,41.7,24,7.9,5,16.2,26.4,104.1,27.5,54,28,54,28,5.17,0.29,5.46,110.5,105.3,5.2,98.3,0.372,0.029,0.548,0.497,14.2,34.2,0.282,0.475,14,68.5,0.245,4,0.658536585,0.829268293,0.487804878,0.384615385,0.744680851,0.613636364,0.933333333,50,0.631578947,0.620689655,1,0.666666667,1.066666667,1.2,1.2,267,1,0.462,0.013,7,0,2,1
1988,Utah Jazz,West,42.5,86.5,0.491,1.6,4.9,0.319,40.9,81.6,0.502,22,29.3,0.75,13,31.1,44.1,29.4,9.4,7.6,18.1,24.2,108.5,39.9,88.8,0.449,1.8,5.7,0.315,38.1,83.2,0.459,23.2,30.2,0.77,15.6,29.8,45.4,24.3,9.4,5.8,17.9,24.5,104.8,27.3,47,35,51,31,3.68,-0.73,2.96,106.8,103.1,3.7,101.5,0.339,0.057,0.546,0.5,15.4,30.4,0.254,0.459,14.9,66.7,0.262,9,0.573170732,0.804878049,0.341463415,0.4375,0.682926829,0.511111111,0.4,12.5,0.463414634,0.611111111,1,0.133333333,0.466666667,0.8,0.8,191,1,0.04,0.761,0,3,5,0
1988,New Jersey Nets,East,39.1,83.6,0.468,1.7,5.5,0.301,37.5,78.1,0.48,20.5,28.1,0.729,13.1,27.6,40.7,21.9,8.9,4.7,18.3,24.9,100.4,41.9,84.4,0.497,1.6,4.4,0.361,40.3,79.9,0.504,23.1,29.5,0.783,12.6,30,42.6,24.3,9.9,6.4,17.5,23.7,108.5,26.7,19,63,21,61,-8.11,1.13,-6.98,101.4,109.6,-8.2,98.6,0.337,0.066,0.523,0.478,16,30.4,0.245,0.506,15.2,68.6,0.274,22,0.231707317,0.390243902,0.073170732,0.230769231,0.170731707,0.1875,0,0,0.219512195,0.25,0,0,0,0.333333333,0.333333333,0,0,0,0,0,0,11,0
1988,Denver Nuggets,West,46,97.1,0.474,2.3,6.9,0.342,43.6,90.2,0.484,22.5,27.9,0.804,14.2,29.8,44,28,10.1,4.9,14.5,24.2,116.7,44,89.7,0.49,1.4,4.6,0.3,42.6,85.1,0.501,23.3,30.6,0.762,14.4,33.5,47.9,26.5,7.6,6.2,19.6,24.3,112.7,28.7,54,28,51,31,4.07,-0.75,3.32,110.1,106.3,3.8,105.5,0.288,0.071,0.534,0.486,11.7,29.7,0.231,0.498,16,67.4,0.26,3,0.658536585,0.853658537,0.463414634,0.625,0.653061224,0.555555556,0.333333333,12.5,0.585365854,0.690909091,1,0,0.866666667,1.333333333,1.845238095,352,0,0.177,0.118,4,4,2,1
1988,Washington Bullets,East,40.9,87.4,0.468,0.4,1.7,0.21,40.6,85.7,0.473,23.3,30.2,0.773,15,28,43,22.9,8.5,6.1,16.9,23.4,105.5,42.2,88.2,0.478,1.6,4.8,0.328,40.6,83.5,0.487,20.4,27.4,0.744,15,28.8,43.8,26,8.4,6.4,16.9,24,106.3,26.6,38,44,39,43,-0.77,0.61,-0.16,106.5,107.2,-0.7,98.1,0.346,0.019,0.524,0.47,14.4,34.2,0.267,0.487,14.4,65.2,0.231,15,0.463414634,0.609756098,0.317073171,0.416666667,0.421052632,0.25,0.133333333,6.25,0.425,0.526315789,1,0,0.2,0.516666667,2.266666667,207,1,3.468,0.398,11,3,8,0
1987,Portland Trail Blazers,West,44.5,88.4,0.504,1.2,4.1,0.289,43.3,84.3,0.514,27.7,35.7,0.775,14.4,29.4,43.8,28.8,9.4,4.7,18.9,25.4,117.9,44.5,91.7,0.485,1.4,5.1,0.276,43.1,86.6,0.497,24.3,31.6,0.771,14.7,27.8,42.5,26.7,9,5.8,18.3,27.2,114.8,26.9,49,33,49,33,3.13,-0.57,2.57,111.5,108.6,2.9,105,0.404,0.047,0.566,0.51,15.3,34.1,0.313,0.493,14.8,66.6,0.265,7,0.597560976,0.829268293,0.365853659,0.583333333,0.666666667,0.487804878,0.066666667,6.25,0.586956522,0.588235294,1,0.066666667,0.466666667,0.8,2.10952381,206,0,0.003,0,1,2,3,1
1987,Chicago Bulls,East,41.2,87.3,0.473,1,3.6,0.261,40.3,83.6,0.482,21.4,27.5,0.778,15.2,29.3,44.5,26.1,8.3,5.3,15.3,23.4,104.8,40.7,84.3,0.483,1.4,4.1,0.341,39.3,80.2,0.49,21.1,27.5,0.769,12.5,28.3,40.8,24.7,7.1,6,15.5,22.5,103.9,25.4,40,42,43,39,0.89,0.37,1.26,108.6,107.6,1,95.8,0.315,0.042,0.528,0.478,13.4,35,0.245,0.491,13.8,70,0.251,14,0.487804878,0.707317073,0.268292683,0.238095238,0.566666667,0.377358491,0,6.25,0.5,0.481481481,1,0,0.066666667,0.233333333,0.304761905,142,0,0.172,0,1,0,8,0
1987,Washington Bullets,East,40.9,90.2,0.454,0.5,2.7,0.197,40.4,87.5,0.461,23.6,30.9,0.765,15.9,28.2,44.1,21.3,9.2,8.4,15.9,21.6,106,43,90.9,0.473,1.3,4.4,0.291,41.7,86.5,0.482,20.2,26.6,0.758,16.3,30.3,46.5,26.1,8.5,6.7,17.5,23.6,107.3,25.9,42,40,37,45,-1.37,0.35,-1.02,105.7,107,-1.3,100.2,0.342,0.029,0.511,0.457,13.3,34.5,0.262,0.48,14.6,63.4,0.222,12,0.512195122,0.658536585,0.365853659,0.666666667,0.447368421,0.391304348,0,6.25,0.511627907,0.528301887,1,0.133333333,0.266666667,0.516666667,2.552380952,176,1,2.84,0.295,7,3,6,0
1987,Houston Rockets,West,42.3,88.6,0.477,1.1,4,0.275,41.2,84.6,0.487,21.3,28.7,0.741,14.5,30.3,44.8,27.2,8,6.8,16.9,24.1,106.9,40.8,88.1,0.463,1.2,4.3,0.282,39.6,83.8,0.473,23,29.5,0.779,14.2,28.8,43.1,25.9,8.8,4.5,16.7,23.4,105.9,26.1,42,40,44,38,1,-0.4,0.6,106.5,105.5,1,99.9,0.324,0.045,0.528,0.483,14.3,33.5,0.24,0.47,14.1,68,0.261,11,0.512195122,0.609756098,0.414634146,0.625,0.630434783,0.365853659,0.333333333,12.5,0.511627907,0.574074074,1,0.866666667,1,2.083333333,2.678571429,310,2,0.295,0,2,1,6,0
1987,New York Knicks,East,40.6,85.6,0.474,1.5,4.6,0.333,39.1,81.1,0.482,21,28.8,0.73,13.5,26.4,39.9,23.7,8.6,4.8,17.3,24.7,103.8,42.7,87.1,0.49,1.1,4.4,0.263,41.5,82.7,0.502,23.5,30.9,0.761,16.2,29.9,46.1,26.2,9.3,4.9,17.3,23.8,110,26.4,24,58,25,57,-6.27,0.85,-5.42,104.8,111.1,-6.3,98.5,0.336,0.053,0.528,0.483,15,31.2,0.246,0.497,14.6,61.9,0.27,22,0.292682927,0.43902439,0.146341463,0.357142857,0.216216216,0.264150943,0,0,0.295454545,0.288461538,0,0,0.4,0.566666667,0.70952381,0,0,0,0,0,0,11,0
1987,Philadelphia 76ers,East,40.7,82.8,0.491,1.1,4.1,0.259,39.6,78.7,0.503,24,31.9,0.753,14.4,28.4,42.7,23.7,9.4,6.6,18.5,21.6,106.5,43.1,87.9,0.491,1.5,5.1,0.286,41.7,82.8,0.504,18.9,25,0.757,14.8,26.9,41.7,26.9,9.9,5.4,16.7,24.2,106.6,26.6,45,37,40,42,-0.2,0.31,0.11,108.3,108.5,-0.2,97.3,0.385,0.05,0.549,0.497,16.1,34.9,0.29,0.499,14.5,65.7,0.215,8,0.548780488,0.682926829,0.414634146,0.45,0.448275862,0.47826087,0.133333333,6.25,0.577777778,0.557692308,1,0.4,1.066666667,3.816666667,6.376190476,424,6,1.583,0.236,8,5,5,0
1987,Utah Jazz,West,42.5,91.6,0.464,1.7,5.5,0.31,40.8,86.2,0.474,21.2,29.1,0.726,14.6,30,44.5,27.3,10.2,7.7,17.1,24.9,107.9,40.8,89.5,0.456,1.7,5.5,0.317,39.1,84,0.465,24.1,31.3,0.77,16,32.2,48.1,24.5,8.8,5.6,19.3,24.3,107.5,26.9,44,38,42,40,0.4,-0.36,0.04,104.1,103.7,0.4,103.2,0.318,0.06,0.516,0.473,14.1,31.2,0.231,0.466,15.7,65.2,0.269,9,0.536585366,0.756097561,0.317073171,0.769230769,0.432432432,0.463414634,0.133333333,6.25,0.581395349,0.471698113,1,0.066666667,0.666666667,0.666666667,0.666666667,200,1,0.036,0.633,0,2,4,0
1987,Golden State Warriors,West,43.3,90.4,0.479,1.4,4.4,0.319,41.9,86,0.487,24,30.8,0.78,14.5,28.7,43.2,25.4,8.7,3.9,16.5,26.1,112,44.1,89.5,0.493,1.9,5.6,0.337,42.2,83.9,0.503,24.3,32.5,0.749,15.2,30.3,45.5,26.5,8.4,5.5,17.2,25,114.4,26.9,42,40,35,47,-2.34,-0.2,-2.54,108.9,111.2,-2.3,101.7,0.341,0.049,0.539,0.487,13.7,32.5,0.266,0.503,14.2,65.3,0.272,10,0.512195122,0.609756098,0.414634146,0.6,0.35,0.365853659,0.266666667,12.5,0.52173913,0.490196078,1,0,0,0,0.357142857,63,1,0.003,0,0,0,5,0
1987,Seattle SuperSonics,West,43.8,90.9,0.482,2.3,7,0.335,41.5,83.9,0.494,23.8,31.4,0.758,16.7,29.2,46,26.6,8.6,5.5,18.4,27.1,113.7,42.9,89.4,0.479,1.1,4,0.287,41.7,85.4,0.488,26.4,34.4,0.768,15.1,27.8,42.9,24.7,8.9,5,16.4,24.7,113.3,26.1,39,43,42,40,0.46,-0.39,0.08,110.7,110.3,0.4,101.8,0.345,0.077,0.543,0.495,15,37.6,0.261,0.486,13.5,66,0.296,15,0.475609756,0.609756098,0.341463415,0.384615385,0.512820513,0.319148936,0.466666667,25,0.545454545,0.444444444,1,0,0.133333333,0.383333333,2.895238095,233,2,0.048,0,1,4,7,0
1987,Los Angeles Lakers,West,45.6,88.4,0.516,2,5.5,0.367,43.6,82.9,0.526,24.5,31.1,0.789,13.7,30.7,44.4,29.6,8.9,5.9,16.6,22.6,117.8,42.9,91.8,0.467,1.5,5.3,0.283,41.4,86.6,0.479,21.1,27.6,0.764,15.6,26.5,42.1,27,8.8,4.9,16.7,24.4,108.5,27.8,65,17,62,20,9.3,-0.99,8.32,115.6,106.5,9.1,101.6,0.352,0.062,0.577,0.528,14,34.1,0.278,0.476,13.8,66.3,0.23,1,0.792682927,0.902439024,0.682926829,0.857142857,0.8,0.682926829,1,100,0.772727273,0.796296296,1,0.533333333,2.466666667,4.216666667,5.823809524,632,14,7.653,0.287,20,16,1,1
1987,Denver Nuggets,West,45.7,97,0.471,1.3,4.8,0.271,44.4,92.2,0.481,24.1,31.3,0.769,15.8,28.9,44.7,28.3,9.2,5.1,14.8,26.6,116.7,44.3,89.5,0.495,1.4,4.4,0.313,43,85.1,0.505,27.5,35.4,0.777,14.2,33.2,47.4,26.7,6.8,5.5,19.1,26.2,117.6,28.2,37,45,39,43,-0.87,-0.28,-1.14,109.3,110.2,-0.9,106.2,0.323,0.049,0.527,0.478,11.8,32.2,0.248,0.503,15.4,67,0.307,16,0.451219512,0.658536585,0.243902439,0.4375,0.511627907,0.361702128,0,6.25,0.444444444,0.461538462,1,0.333333333,1,1.333333333,1.988095238,307,0,0.159,0.079,3,4,8,0
1987,Sacramento Kings,West,43,90.4,0.475,0.9,3.7,0.251,42,86.7,0.485,24.1,30.2,0.796,15.6,29.8,45.4,26.6,6.3,4.8,17.1,24.5,110.9,44.6,91.1,0.489,1.5,4.8,0.316,43.1,86.3,0.499,23.4,30.5,0.769,14.1,28.7,42.9,26.3,8.6,5.9,14.8,25.2,114.1,26.3,29,53,33,49,-3.22,-0.12,-3.34,108.9,112.1,-3.2,101.3,0.334,0.041,0.535,0.48,14.2,35.2,0.266,0.498,12.4,67.8,0.257,19,0.353658537,0.487804878,0.219512195,0.4375,0.28125,0.191489362,0,0,0.325581395,0.388888889,0,0,0,0,0,0,0,0,0,0,0,10,0
1987,Cleveland Cavaliers,East,40.8,86.9,0.47,1,4.1,0.24,39.9,82.7,0.482,21.7,31.1,0.697,15.3,29.5,44.8,23.3,8.2,6.8,19.7,22.6,104.4,43.4,90.7,0.478,1.2,4.2,0.278,42.2,86.6,0.488,20.3,26.9,0.753,15.3,29.2,44.5,25.1,9.9,5.8,17,25.3,108.2,24.6,31,51,31,51,-3.82,0.63,-3.19,102.6,106.4,-3.8,101.3,0.359,0.047,0.519,0.476,16.4,34.4,0.25,0.484,14.2,65.9,0.224,18,0.37804878,0.609756098,0.146341463,0.625,0.34375,0.283018868,0,0,0.4,0.339622642,0,0,0.066666667,0.066666667,0.138095238,0,0,0,0,0,0,9,0
1987,Boston Celtics,East,44.5,86,0.517,2.5,6.9,0.366,41.9,79.1,0.53,21.2,26.3,0.808,11.4,31.5,42.9,29.5,6.8,6.4,15.9,20.9,112.6,42.3,91.5,0.463,1.5,4.9,0.306,40.8,86.5,0.472,19.9,26.2,0.758,15.1,27.9,43,25.1,8.8,4.1,14.1,23.3,106,29.4,59,23,57,25,6.65,-0.08,6.57,113.5,106.8,6.7,98.6,0.305,0.08,0.577,0.532,14,29,0.247,0.471,12,67.6,0.217,2,0.719512195,0.951219512,0.487804878,0.357142857,0.857142857,0.638297872,0.866666667,50,0.75,0.735849057,1,1,2.866666667,4.616666667,5.39047619,641,20,5.446,0.223,12,14,1,1
1987,New Jersey Nets,East,41.1,86.4,0.476,1.8,5.5,0.323,39.4,80.9,0.487,24.4,31.8,0.767,14.3,29.4,43.6,24.3,7.8,4.8,19.7,28.7,108.5,41.7,86.9,0.48,1.4,4.5,0.322,40.2,82.4,0.488,28.7,36.8,0.78,13.8,28.7,42.5,23.9,9.9,6.9,16.5,25.9,113.5,26.2,24,58,28,54,-5.05,0.63,-4.42,105.6,110.5,-4.9,101.8,0.368,0.063,0.54,0.487,16.4,33.2,0.282,0.488,13.8,68.1,0.33,21,0.292682927,0.463414634,0.12195122,0.307692308,0.239130435,0.245283019,0,0,0.255813953,0.296296296,0,0,0.333333333,0.333333333,0.333333333,0,0,0,0,0,0,10,0
1987,Los Angeles Clippers,West,40.4,89.4,0.452,1,4.2,0.224,39.4,85.2,0.463,22.8,30.7,0.742,15,26.1,41.1,24,9.2,5.3,18.2,24.4,104.5,45.8,88.5,0.518,1.3,3.9,0.344,44.5,84.6,0.526,22.9,30.7,0.746,14.5,32.2,46.7,29.5,9.8,6.5,18.7,24.6,115.9,26.2,12,70,16,66,-11.43,0.42,-11,101.2,112.3,-11.1,102.7,0.343,0.047,0.508,0.457,15,31.8,0.255,0.526,15.5,64.3,0.258,23,0.146341463,0.219512195,0.073170732,0.25,0.076923077,0.063829787,0,0,0.159090909,0.148148148,0,0,0,0,0,0,0,0,0,0,0,12,0
1987,Dallas Mavericks,West,43.8,89.9,0.487,2.8,8,0.354,41,82,0.5,26.2,33.1,0.791,14.9,30.4,45.3,24.6,8.4,5.2,14.7,22.8,116.7,43.7,91.5,0.478,1.6,5.3,0.295,42.2,86.2,0.489,21.3,28,0.763,15.3,29.1,44.4,28.1,7,5.1,16.2,26,110.4,26.4,55,27,56,26,6.3,-0.77,5.54,114.9,108.7,6.2,100.5,0.369,0.089,0.558,0.503,12.3,33.8,0.291,0.486,13.5,66.5,0.233,4,0.670731707,0.853658537,0.487804878,0.666666667,0.790697674,0.536585366,0.066666667,6.25,0.651162791,0.666666667,1,0.333333333,0.666666667,0.666666667,0.666666667,147,0,0.037,0,0,0,2,1
1987,Detroit Pistons,East,43.2,88.3,0.49,0.5,2.1,0.231,42.7,86.2,0.496,24.3,31.7,0.765,15.2,32.3,47.5,24.6,7.8,5.3,17.3,25.3,111.2,41.2,89.1,0.462,1.6,5.1,0.317,39.5,84,0.471,23.8,31.8,0.748,13.9,28.5,42.5,24.7,8.2,5.8,15.8,25.2,107.8,26.8,52,30,50,32,3.44,0.07,3.51,109.2,105.8,3.4,101,0.36,0.023,0.544,0.492,14.5,34.7,0.275,0.471,13.3,69.9,0.267,5,0.634146341,0.780487805,0.487804878,0.666666667,0.692307692,0.52173913,0.666666667,25,0.651162791,0.625,1,0.066666667,0.533333333,0.533333333,0.604761905,146,1,0.44,0.013,6,0,3,1
1987,Phoenix Suns,West,43.6,87.7,0.497,0.7,3.1,0.242,42.9,84.6,0.506,23.2,30.5,0.76,13.6,28.9,42.4,28.7,8.6,4.8,18.3,25,111.1,44.2,89.5,0.494,1.5,4.8,0.311,42.7,84.6,0.504,23.7,31.3,0.756,15.1,28.7,43.8,27.4,9.7,5.3,17.4,24.8,113.5,26,36,46,35,47,-2.44,-0.19,-2.63,108,110.3,-2.3,102,0.348,0.035,0.55,0.501,15.3,32.1,0.264,0.502,14.4,65.7,0.265,17,0.43902439,0.634146341,0.243902439,0.75,0.404761905,0.425531915,0,0,0.413043478,0.442307692,0,0,0.6,1.1,2.1,0,0,0,0,0,0,9,0
1987,Milwaukee Bucks,East,42.2,88.8,0.475,2.3,7,0.323,39.9,81.8,0.488,23.8,31.1,0.766,13.6,28.3,42,24.9,10.3,4.8,15.4,26.6,110.4,39.6,84.2,0.47,1.5,5.1,0.289,38.1,79.2,0.482,25.8,34.1,0.757,14.5,30.2,44.7,24.6,8,5.6,18.9,24.7,106.5,27.7,50,32,51,31,3.91,0.12,4.04,109.5,105.6,3.9,100.3,0.35,0.079,0.539,0.487,13,31.1,0.268,0.479,16,66.1,0.307,6,0.609756098,0.780487805,0.43902439,0.363636364,0.625,0.543478261,0.4,12.5,0.595744681,0.596153846,1,0.466666667,1.2,2.033333333,2.64047619,368,1,1.007,0.835,6,9,4,0
1987,Atlanta Hawks,East,41.9,87.1,0.481,1.6,5.2,0.318,40.2,81.9,0.491,24.6,32.5,0.759,16.5,30.2,46.7,25.3,8.5,6.2,15.6,26.2,110,38.5,85.3,0.451,1.6,5.2,0.3,37,80.1,0.461,24.2,31.7,0.765,14.6,27.8,42.4,23.4,7.5,4.7,16,24.8,102.8,26.1,57,25,59,23,7.23,-0.05,7.18,112.6,105.2,7.4,97.4,0.373,0.06,0.543,0.49,13.3,37.2,0.283,0.46,13.9,67.4,0.284,3,0.695121951,0.853658537,0.536585366,0.461538462,0.795454545,0.595744681,0.266666667,12.5,0.651162791,0.672727273,1,0.266666667,0.4,0.483333333,0.983333333,191,2,0.526,0.146,1,2,2,1
1987,San Antonio Spurs,West,43.1,90.9,0.474,1.4,4.9,0.29,41.6,86,0.484,20.7,28,0.742,15.7,28.6,44.3,27.1,9.6,4,17.1,23.5,108.3,45.2,89.1,0.507,1.3,4.6,0.28,43.9,84.5,0.519,21.8,28.8,0.755,13.4,30,43.4,29,8.5,5.6,17.3,22.5,113.4,27.1,28,54,28,54,-5.1,0.01,-5.09,105.9,110.8,-4.9,101.7,0.307,0.054,0.525,0.482,14.2,34.3,0.228,0.514,14.5,68.1,0.244,20,0.341463415,0.512195122,0.170731707,0.25,0.268292683,0.234042553,0,0,0.340909091,0.384615385,0,0,0.133333333,1.216666667,2.026190476,0,0,0,0,0,0,11,0
1987,Indiana Pacers,East,42.1,89.3,0.472,1.1,3.9,0.297,41,85.5,0.479,20.7,26.5,0.782,13.8,30,43.9,26.5,8.5,3.8,15.6,25.6,106.1,40.8,85,0.48,1.3,4.2,0.299,39.5,80.8,0.489,23.9,31.5,0.759,13.6,31.5,45.1,24.6,8,5.8,17.3,22.6,106.7,25.9,41,41,39,43,-0.65,0.47,-0.17,106,106.6,-0.6,98.8,0.296,0.043,0.525,0.478,13.4,30.5,0.232,0.487,14.9,68.8,0.281,13,0.5,0.682926829,0.317073171,0.666666667,0.444444444,0.416666667,0.066666667,6.25,0.454545455,0.509433962,1,0,0,0,0,125,1,0,0,0,0,7,0
1986,Sacramento Kings,West,43.1,88,0.49,0.4,1.6,0.224,42.8,86.4,0.495,22.2,28.5,0.778,13.8,29,42.8,28.1,7.3,4.7,18.7,26,108.8,43.5,88.1,0.494,0.9,3.4,0.26,42.6,84.7,0.503,24,31.8,0.755,13.9,28.5,42.5,25.8,9.2,5.8,17.2,25.4,111.9,26.6,37,45,33,49,-3.07,-0.12,-3.19,106.2,109.2,-3,102,0.324,0.019,0.541,0.492,15.7,32.7,0.252,0.499,14.4,67.5,0.273,14,0.451219512,0.609756098,0.292682927,0.466666667,0.305555556,0.333333333,0,6.25,0.375,0.549019608,1,0,0,0,0,164,0,0.013,0,0,0,7,0
1986,Seattle SuperSonics,West,40.7,86.1,0.472,1,3.7,0.263,39.7,82.4,0.482,22.1,28.4,0.779,14,27.5,41.5,24.1,9.1,3.6,17.5,26.4,104.4,40.3,82.6,0.487,0.7,2.7,0.254,39.6,79.9,0.495,23.3,30.4,0.768,12.5,28.1,40.7,24.9,8,5,17.9,24.5,104.5,26.6,31,51,41,41,-0.1,-0.37,-0.47,105.9,106,-0.1,97.4,0.33,0.042,0.53,0.478,15.1,33.2,0.257,0.492,15.7,68.7,0.282,18,0.37804878,0.585365854,0.170731707,0.25,0.5625,0.361111111,0,0,0.361702128,0.38,0,0,0.133333333,0.966666667,3.061904762,0,0,0,0,0,0,11,0
1986,San Antonio Spurs,West,43.9,86.6,0.506,0.6,2.4,0.235,43.3,84.2,0.514,23,30.8,0.746,13,29.4,42.5,27.6,9.8,4.8,19.8,25.8,111.2,44.3,89.8,0.493,1.2,3.9,0.304,43.1,85.9,0.501,23.4,30.4,0.769,14.1,28.1,42.2,27.7,9.8,5.5,18.5,25.7,113.1,27.8,35,47,36,46,-1.85,-0.2,-2.06,106.5,108.2,-1.7,103.8,0.355,0.028,0.555,0.509,16.5,31.7,0.265,0.499,15.2,67.6,0.26,15,0.426829268,0.512195122,0.341463415,0.285714286,0.41025641,0.307692308,0,6.25,0.520833333,0.32,1,0.133333333,0.633333333,1.3,2.026190476,162,1,0.07,0,0,0,8,0
1986,Cleveland Cavaliers,East,42.4,88.3,0.48,1.6,4.8,0.338,40.8,83.5,0.489,21.3,28.4,0.752,13.2,29.9,43.2,25.2,7.6,5.3,17.2,27.6,107.8,41.9,88.3,0.475,1,3.6,0.29,40.8,84.7,0.482,25.8,33.6,0.767,13.8,30.4,44.2,25.9,8.7,4.4,16.2,23.7,110.6,27,29,53,34,48,-2.87,0.68,-2.19,105.5,108.3,-2.8,101.6,0.321,0.054,0.535,0.49,14.6,30.3,0.241,0.48,13.6,68.5,0.292,21,0.353658537,0.390243902,0.317073171,0.25,0.390243902,0.2,0,0,0.382978723,0.3,0,0.066666667,0.066666667,0.066666667,0.638095238,0,0,0,0,0,0,9,0
1986,Atlanta Hawks,East,42,85.7,0.49,0.4,2,0.199,41.6,83.7,0.497,24.1,33,0.732,15.2,29.3,44.6,24.7,9,5.3,18.1,26.5,108.6,41,86.3,0.475,1.1,3.5,0.307,39.9,82.8,0.482,23.2,30.6,0.76,14.7,28.4,43.1,23.7,8.5,4.5,18.2,26,106.2,25.3,50,32,47,35,2.37,0.22,2.59,107.9,105.6,2.3,100,0.385,0.024,0.542,0.493,15.3,34.9,0.282,0.481,15.4,66.7,0.269,6,0.609756098,0.829268293,0.390243902,0.727272727,0.615384615,0.454545455,0.266666667,12.5,0.577777778,0.673076923,1,0,0.216666667,0.3,0.716666667,89,1,0.004,0.146,0,2,4,0
1986,Golden State Warriors,West,44.5,92.3,0.482,1.1,3.4,0.313,43.5,88.9,0.489,23.3,30.7,0.76,15.5,28.6,44.1,24.6,9.2,4.3,17.1,24.8,113.4,47.1,90.6,0.52,0.8,2.8,0.284,46.3,87.8,0.527,21.8,29.3,0.746,14.3,30.7,45,28.4,8.4,5.4,18.1,25.2,116.9,26.8,30,52,33,49,-3.45,-0.14,-3.59,108.3,111.6,-3.3,104.2,0.333,0.037,0.536,0.488,13.9,33.5,0.253,0.524,14.9,66.7,0.241,20,0.365853659,0.585365854,0.146341463,0.466666667,0.314285714,0.277777778,0,0,0.28,0.375,0,0,0,0,0.94047619,0,0,0,0,0,0,12,0
1986,Phoenix Suns,West,42.9,85.3,0.503,0.5,2.2,0.208,42.4,83,0.511,23.8,32.7,0.726,12.6,29.9,42.5,27.7,9.4,4.6,21.5,27.6,110,43.5,89.1,0.488,1.1,3.4,0.319,42.4,85.7,0.495,24.9,32.8,0.758,13.9,27.6,41.5,26.2,10.3,5.7,18.5,27,113,26.3,32,50,33,49,-2.99,-0.17,-3.16,104.3,107.2,-2.9,104.8,0.384,0.026,0.552,0.506,17.7,31.3,0.279,0.495,15.1,68.3,0.279,17,0.390243902,0.56097561,0.219512195,0.5,0.413043478,0.25,0,0,0.377777778,0.41509434,0,0,0.683333333,1.35,2.933333333,0,0,0,0,0,0,10,0
1986,New York Knicks,East,39.5,85.8,0.46,1,2.9,0.343,38.5,82.9,0.465,18.7,27.3,0.686,13.2,26.5,39.6,22.9,8.7,3.8,17.5,27,98.7,38.9,81.4,0.478,0.8,3.3,0.248,38.1,78,0.488,25.6,33.5,0.766,14.2,31.5,45.8,24.5,8.5,5.4,19.9,24.6,104.3,25.5,23,59,26,56,-5.61,0.79,-4.82,99.5,105.2,-5.7,98.6,0.318,0.034,0.505,0.466,15.2,29.5,0.218,0.484,17.1,65,0.315,23,0.280487805,0.365853659,0.195121951,0.375,0.195121951,0.153846154,0,0,0.361702128,0.24,0,0,0.566666667,0.566666667,0.70952381,0,0,0,0,0,0,11,0
1986,Detroit Pistons,East,45.8,94.5,0.484,0.7,2.2,0.302,45.1,92.3,0.489,22,28,0.783,15.6,30,45.6,28.3,9,4.1,16.4,25.6,114.2,44.1,89.8,0.492,0.9,3.1,0.275,43.3,86.7,0.499,23.9,31.6,0.756,14.4,31,45.3,25.4,8.1,6.1,18.2,24.1,113,26.5,46,36,44,38,1.17,0.27,1.44,109,107.9,1.1,104.2,0.297,0.023,0.534,0.488,13.3,33.5,0.232,0.496,14.9,67.6,0.266,8,0.56097561,0.756097561,0.365853659,0.705882353,0.540540541,0.393939394,0.066666667,6.25,0.489361702,0.62,1,0.333333333,0.466666667,0.466666667,0.871428571,162,2,0.273,0.013,3,0,5,0
1986,Houston Rockets,West,45.8,93.5,0.49,1,3.8,0.274,44.8,89.8,0.499,21.7,29.7,0.73,16,29.7,45.7,28.3,9.1,6.7,16.8,24.3,114.4,44.4,90.3,0.491,1.1,3.3,0.325,43.3,87,0.498,22,29.3,0.749,14.5,29.1,43.6,26.8,8.3,4.7,17.9,24.1,111.8,26,51,31,48,34,2.61,-0.51,2.1,110.1,107.6,2.5,103.5,0.317,0.04,0.536,0.496,13.6,35.5,0.232,0.497,14.8,67.2,0.243,5,0.62195122,0.87804878,0.365853659,0.5,0.571428571,0.454545455,0.866666667,50,0.695652174,0.62,1,0.133333333,0.133333333,1.383333333,1.811904762,103,0,0.048,0,1,1,2,1
1986,Denver Nuggets,West,45.2,96,0.471,0.9,3.7,0.233,44.3,92.2,0.48,23.5,29.5,0.798,14.9,28.3,43.2,26.1,10.1,5.1,16.3,26.4,114.8,44.4,90.3,0.491,0.7,3.2,0.229,43.6,87.1,0.501,24,32.8,0.73,15.8,33.3,49.1,25.7,7.8,5.9,21.2,25.8,113.5,28.1,47,35,44,38,1.3,-0.42,0.89,107.1,105.9,1.2,106.7,0.307,0.039,0.527,0.475,13,30.9,0.245,0.495,16.9,64.1,0.266,7,0.573170732,0.829268293,0.317073171,0.642857143,0.56097561,0.545454545,0.333333333,12.5,0.574468085,0.549019608,1,0.533333333,0.916666667,1,1.654761905,287,0,0.116,0.105,2,3,3,1
1986,Portland Trail Blazers,West,44,88.8,0.496,0.9,3.4,0.269,43.1,85.4,0.505,26.1,34.1,0.765,14.1,28.2,42.3,26.6,10.5,4.3,18.6,26.9,115.1,44.4,88.4,0.502,1,3,0.335,43.3,85.4,0.508,24.3,32.2,0.755,14.4,28.8,43.2,27.5,9.3,5.2,20.1,27.6,114,26.6,40,42,44,38,1.06,-0.45,0.61,109.2,108.2,1,104.5,0.384,0.038,0.554,0.501,15.2,32.8,0.294,0.507,16.4,66.3,0.275,11,0.487804878,0.658536585,0.317073171,0.538461538,0.575,0.305555556,0.066666667,6.25,0.56,0.425531915,1,0.266666667,0.65,0.816666667,2.042857143,239,0,0.004,0.013,1,2,6,0
1986,Washington Bullets,East,40.4,87.2,0.463,1.4,5,0.284,39,82.2,0.474,20.8,27.9,0.745,13,29.7,42.7,21.3,7.6,8.7,16.4,21.9,103,41.9,89.8,0.467,0.9,3.2,0.274,41,86.6,0.474,20.1,26.6,0.756,15.2,31.6,46.8,24.6,8.7,5.5,16.7,23.3,104.8,27.1,39,43,36,46,-1.8,0.53,-1.28,103,104.8,-1.8,99.1,0.32,0.057,0.518,0.471,14.2,29.1,0.238,0.472,14.2,66.1,0.224,13,0.475609756,0.634146341,0.317073171,0.666666667,0.375,0.358974359,0.133333333,6.25,0.5,0.461538462,1,0.066666667,0.133333333,0.383333333,2.669047619,207,1,0.276,0,3,6,7,0
1986,Dallas Mavericks,West,44.3,88.5,0.501,1.7,5.4,0.316,42.6,83,0.513,25,32.2,0.776,12.9,29.9,42.8,25.7,7.4,4.5,15.7,21.1,115.3,47.1,93.8,0.503,1.1,3.8,0.289,46,90,0.512,18.8,25,0.754,14.9,30.1,45,29,7.5,5.2,15.6,26.8,114.2,25.8,44,38,44,38,1.1,-0.4,0.7,112.1,111,1.1,102.2,0.364,0.061,0.562,0.51,13.3,30,0.283,0.508,13,66.8,0.201,9,0.536585366,0.634146341,0.43902439,0.461538462,0.636363636,0.363636364,0.333333333,12.5,0.522727273,0.566037736,1,0.066666667,0.333333333,0.333333333,0.333333333,96,0,0.038,0,0,0,4,0
1986,Los Angeles Lakers,West,46.8,89.5,0.522,1.7,5,0.337,45.1,84.6,0.533,22.1,28.4,0.778,13.4,31.2,44.6,29.7,8.5,5.1,17.9,24.8,117.3,43.6,90.9,0.48,0.6,3,0.206,43,87.8,0.49,21.7,28.9,0.751,13.5,27.1,40.6,27.3,9.7,4.4,16.2,24.3,109.5,28.1,62,20,59,23,7.74,-0.91,6.84,113.3,105.8,7.5,102.7,0.317,0.056,0.575,0.532,14.9,33.1,0.247,0.484,13.5,69.8,0.239,2,0.756097561,0.853658537,0.658536585,0.636363636,0.790697674,0.7,0.533333333,25,0.777777778,0.711538462,1,1,2.6,4.683333333,5.29047619,694,20,7.248,0.274,19,17,1,1
1986,Milwaukee Bucks,East,43.9,89.1,0.493,1.5,4.7,0.327,42.4,84.5,0.502,25.2,32.9,0.764,14.5,29.5,44,26.3,9.8,5.6,16.7,27,114.5,40.1,85.9,0.467,1.2,4,0.295,38.9,81.9,0.475,24.1,32.6,0.74,14.3,28.4,42.6,23.8,7.7,4.8,19.9,26.1,105.5,26,57,25,62,20,9.04,-0.35,8.69,111.4,102.7,8.7,102.1,0.369,0.052,0.552,0.501,13.9,33.8,0.282,0.473,16.6,67.4,0.281,3,0.695121951,0.804878049,0.585365854,0.285714286,0.847826087,0.53125,0.466666667,25,0.666666667,0.729166667,1,0.2,1.15,1.816666667,2.257142857,223,0,0.823,0.732,5,5,2,1
1986,Los Angeles Clippers,West,41.3,87.4,0.473,0.8,2.8,0.279,40.5,84.6,0.479,25.2,32.7,0.77,14.1,27.5,41.7,24,8.5,6.1,18.4,23.5,108.6,46.9,92.5,0.507,0.9,3.2,0.28,46,89.4,0.515,20.8,27.8,0.747,15.5,30,45.4,30.1,9.3,5.6,17,25.8,115.5,27,32,50,24,58,-6.93,0.1,-6.83,105.4,112.1,-6.7,102.7,0.374,0.032,0.534,0.477,15.3,32,0.288,0.512,14,64,0.225,16,0.390243902,0.536585366,0.243902439,0.538461538,0.15,0.333333333,0,0,0.375,0.42,0,0,0,0,0,0,0,0,0,0,0,9,0
1986,Utah Jazz,West,42.1,86.4,0.488,0.4,2.1,0.207,41.7,84.3,0.494,23.5,32.9,0.716,13,30.2,43.3,26.8,8.7,8.1,18.5,24.9,108.2,42.3,89.5,0.473,0.8,3.1,0.259,41.5,86.4,0.48,23.1,30.3,0.764,14.7,30.6,45.3,24.1,9.2,5.7,18.7,27.1,108.5,26.3,42,40,40,42,-0.37,-0.3,-0.67,104.2,104.6,-0.4,103.3,0.38,0.024,0.536,0.49,15.5,29.8,0.272,0.477,15.4,67.2,0.258,10,0.512195122,0.658536585,0.365853659,0.6875,0.526315789,0.333333333,0.066666667,6.25,0.489795918,0.510204082,1,0.266666667,0.6,0.6,0.6,138,1,0.016,0.633,0,1,5,0
1986,Indiana Pacers,East,42,87.2,0.481,0.3,1.7,0.161,41.7,85.5,0.488,19.7,26.6,0.739,13.9,31.9,45.7,26.3,8,4.6,18.5,26,103.9,41.1,86.9,0.473,0.9,3.4,0.265,40.2,83.5,0.482,24.1,31.4,0.768,12.8,30.2,43,25.1,9.1,5.4,16,23.3,107.2,25,26,56,32,50,-3.33,0.67,-2.66,102.6,105.9,-3.3,100.9,0.305,0.02,0.525,0.483,15.7,31.5,0.226,0.479,13.7,71.3,0.277,22,0.317073171,0.463414634,0.170731707,0.125,0.391304348,0.125,0,0,0.304347826,0.326923077,0,0,0,0,0,0,0,0,0,0,0,10,0
1986,New Jersey Nets,East,43.3,89,0.486,0.5,2.6,0.201,42.7,86.4,0.495,22.1,29.2,0.755,14.4,30.3,44.7,26,9.1,4.2,19.2,26,109.1,42.7,86.9,0.492,1.2,3.9,0.304,41.6,83,0.501,24.5,32,0.766,12.6,28.9,41.5,24.6,9.5,4.8,18.6,24.4,111.1,27.5,39,43,36,46,-1.99,0.6,-1.39,105,106.9,-1.9,103.3,0.328,0.029,0.536,0.489,15.9,33.3,0.248,0.499,15.5,70.6,0.282,12,0.475609756,0.634146341,0.317073171,0.454545455,0.390243902,0.375,0,6.25,0.5625,0.387755102,1,0,0.333333333,0.333333333,0.333333333,257,0,0.08,0,2,0,6,0
1986,Chicago Bulls,East,42.4,88.1,0.481,1.1,3.9,0.278,41.3,84.3,0.49,23.4,30.5,0.769,15.6,27.8,43.4,24.5,7.4,4.9,17.5,26.4,109.3,43.9,87,0.504,0.9,2.8,0.3,43.1,84.2,0.511,24.4,32,0.762,13.5,28.8,42.3,26.5,8.1,6,15.8,24.4,113.1,26.6,30,52,31,51,-3.8,0.69,-3.12,108.6,112.4,-3.8,99.7,0.346,0.044,0.538,0.487,14.7,35.1,0.266,0.509,13.5,67.4,0.28,19,0.365853659,0.536585366,0.195121951,0.6,0.289473684,0.25,0,6.25,0.340425532,0.354166667,1,0.066666667,0.066666667,0.233333333,0.304761905,194,0,1.076,0,8,0,8,0
1986,Philadelphia 76ers,East,41.9,86.1,0.487,0.6,2.7,0.228,41.3,83.3,0.495,26,34.3,0.758,16.2,29,45.2,24.6,10.5,6,19.5,21.9,110.4,44.1,89.4,0.493,1,3.4,0.291,43.1,85.9,0.501,18.9,24.9,0.757,14.5,27.2,41.7,27.5,9.8,5.7,18.5,26.7,108,28,54,28,47,35,2.35,0.11,2.46,108.6,106.3,2.3,100.5,0.398,0.032,0.546,0.49,16.1,37.3,0.302,0.499,15.6,66.7,0.211,4,0.658536585,0.756097561,0.56097561,0.625,0.678571429,0.40625,0.4,12.5,0.638297872,0.68627451,1,0.533333333,1.666666667,4.416666667,6.05952381,550,8,2.904,0.356,9,12,3,1
1986,Boston Celtics,East,45.3,89.2,0.508,1.7,4.8,0.351,43.7,84.4,0.517,21.8,27.4,0.794,12.9,33.6,46.4,29.1,7.8,6.2,16.6,21.4,114.1,42,91.2,0.461,1,3.7,0.27,41,87.5,0.469,19.7,26.4,0.748,13.3,28.3,41.5,23.5,8.8,4.2,15.3,24,104.7,29.3,67,15,63,19,9.41,-0.36,9.06,111.8,102.6,9.2,101.2,0.307,0.054,0.564,0.518,14.1,31.3,0.244,0.466,13,71.7,0.216,1,0.817073171,0.975609756,0.658536585,0.5,0.930232558,0.84375,1,100,0.813953488,0.846153846,1,0.866666667,2.033333333,4.033333333,5.39047619,548,12,4.46,0.223,11,13,1,1
1985,Denver Nuggets,West,47.3,97.3,0.486,0.9,2.9,0.311,46.4,94.4,0.491,24.6,31.3,0.785,16.2,28.1,44.3,27.6,10.9,5.2,16.9,26.2,120,46,90,0.512,0.8,3.1,0.252,45.3,86.9,0.521,24.7,32.3,0.765,14.4,32,46.5,26.3,8.2,7.2,21.3,26.6,117.6,28.3,52,30,47,35,2.44,-0.39,2.05,110.7,108.4,2.3,107.6,0.322,0.029,0.54,0.491,13.2,33.6,0.253,0.516,17,66.1,0.275,5,0.634146341,0.829268293,0.43902439,0.588235294,0.634146341,0.545454545,0.533333333,25,0.638297872,0.647058824,1,0.133333333,0.466666667,0.55,1.121428571,274,1,0.077,0.079,2,2,2,1
1985,Golden State Warriors,West,42.7,92.1,0.463,1.4,4.8,0.282,41.3,87.3,0.473,23.7,30.9,0.768,16.2,26.1,42.3,21.5,9.8,3.5,17.8,26,110.4,46.8,87.4,0.536,0.7,2.7,0.259,46.1,84.7,0.545,23.4,30.9,0.758,13.4,30.7,44.2,28.5,7.9,5.7,19.3,26.6,117.7,26.1,22,60,24,58,-7.34,0.13,-7.21,106,113,-7,103.2,0.335,0.053,0.522,0.47,14.4,34.5,0.257,0.54,16.1,66,0.268,22,0.268292683,0.414634146,0.12195122,0.461538462,0.181818182,0.191489362,0,0,0.222222222,0.230769231,0,0,0,0,1.94047619,0,0,0,0,0,0,12,0
1985,Los Angeles Clippers,West,43,86.8,0.495,0.7,2.3,0.298,42.3,84.5,0.501,20.4,26.9,0.758,14.2,29.7,43.9,23.6,6.5,6.1,19.4,22.4,107.1,45.6,93,0.49,0.9,3.2,0.281,44.7,89.8,0.497,19.6,25.8,0.758,15.2,27.8,43,27.6,9.4,5.1,15.1,23,111.6,27.3,31,51,30,52,-4.49,-0.07,-4.55,105.8,110.3,-4.5,100.9,0.31,0.026,0.543,0.499,16.4,33.8,0.235,0.495,12.7,66.1,0.21,19,0.37804878,0.487804878,0.268292683,0.615384615,0.297297297,0.319148936,0,0,0.404255319,0.346938776,0,0,0,0,0,0,0,0,0,0,0,10,0
1985,Portland Trail Blazers,West,45.2,89.9,0.503,0.6,2.5,0.252,44.6,87.5,0.51,24.4,32.5,0.751,14.7,28,42.7,27.1,10,6.3,18.1,23.9,115.5,45.1,91.4,0.493,0.7,2.8,0.254,44.4,88.6,0.501,21.2,27.7,0.766,15.5,28.5,44,27.3,8.9,5.6,19.6,26.3,112.1,25.2,42,40,49,33,3.4,-0.6,2.8,110.4,107.2,3.2,103.5,0.362,0.027,0.554,0.506,14.8,34,0.271,0.497,15.9,64.4,0.232,10,0.512195122,0.731707317,0.292682927,0.222222222,0.652173913,0.365853659,0.266666667,12.5,0.434782609,0.549019608,1,0.133333333,0.383333333,0.633333333,1.776190476,100,0,0.002,0.013,1,0,5,0
1985,Milwaukee Bucks,East,43.5,88.5,0.491,1.1,3.6,0.303,42.4,84.9,0.499,22.8,30.2,0.757,15.3,28.7,44,26.4,8.4,5.9,16.9,27.3,110.9,39.2,85,0.461,1,3.8,0.26,38.2,81.3,0.47,24.6,32.9,0.748,15.1,28,43,23.2,7.8,4.7,19,25.7,104,25.7,59,23,58,24,6.85,-0.16,6.69,110.5,103.6,6.9,99.7,0.341,0.041,0.545,0.497,14.2,35.4,0.258,0.467,16.1,65.6,0.29,3,0.719512195,0.87804878,0.56097561,0.5,0.863636364,0.648648649,0.2,12.5,0.695652174,0.755102041,1,0.533333333,1.116666667,1.616666667,2.057142857,207,1,0.559,0.437,3,3,2,1
1985,San Antonio Spurs,West,45.1,87.8,0.513,0.7,2.5,0.272,44.4,85.4,0.52,23.9,31.4,0.763,13.7,30.1,43.9,28.2,9.2,5.4,18.8,26.6,114.8,44.4,89.6,0.496,0.9,3,0.298,43.6,86.7,0.503,24.1,31.1,0.776,13.9,27.6,41.5,27.8,9.1,5.8,18.2,26.3,113.9,28.1,41,41,43,39,0.91,-0.29,0.63,109.9,109,0.9,103.9,0.357,0.028,0.565,0.517,15.6,33.2,0.272,0.501,15,68.5,0.269,11,0.5,0.731707317,0.268292683,0.375,0.5,0.363636364,0.133333333,6.25,0.488888889,0.54,1,0,0.833333333,1.75,1.892857143,292,2,0.974,0,7,0,6,0
1985,Boston Celtics,East,45.4,89.3,0.508,1.3,3.8,0.356,44,85.6,0.515,22.7,28.1,0.806,13.6,32.1,45.7,27.9,7.9,5,16.2,21.7,114.8,44.4,93.2,0.477,0.9,3.3,0.264,43.5,89.9,0.484,18.4,23.4,0.787,13.5,27.9,41.4,24.9,7.8,3.8,14.9,24,108.1,28.5,63,19,57,25,6.65,-0.18,6.47,112.8,106.3,6.5,101.6,0.315,0.042,0.564,0.515,13.8,32.8,0.254,0.481,12.6,70.4,0.198,1,0.768292683,0.853658537,0.682926829,0.636363636,0.840909091,0.648648649,0.866666667,50,0.804347826,0.74,1,1,1.75,3.166666667,5.023809524,597,17,2.971,0.185,8,15,1,1
1985,Philadelphia 76ers,East,42,85.3,0.492,0.7,2.7,0.263,41.3,82.5,0.5,28.2,35.2,0.803,15.9,28.8,44.7,24.4,10,6.5,19.2,24,112.9,42.6,87.3,0.488,1,3.8,0.257,41.6,83.5,0.499,22.6,29.2,0.775,14.4,26.5,40.9,26.1,9.2,4.8,18.7,26.9,108.8,27.9,58,24,51,31,4.1,0.07,4.17,111.3,107.3,4,100.8,0.412,0.032,0.561,0.497,16,37.4,0.331,0.494,15.7,66.6,0.259,4,0.707317073,0.829268293,0.585365854,0.6875,0.764705882,0.631578947,0.533333333,25,0.8,0.653846154,1,0.133333333,2.133333333,4.3,5.526190476,576,9,3.942,0.305,13,12,3,1
1985,Houston Rockets,West,45.7,90.7,0.504,0.5,2.3,0.22,45.2,88.5,0.511,19.3,27.6,0.699,16.2,29.2,45.4,27.3,8.3,7.3,19.6,24.8,111.2,42.7,88.7,0.481,1.1,3.1,0.349,41.6,85.6,0.486,23,29.6,0.778,14.1,27.1,41.2,25.8,9.4,5.1,18.2,23.2,109.5,25.3,48,34,45,37,1.72,-0.34,1.38,107.9,106.3,1.6,102.2,0.304,0.025,0.54,0.507,16,37.4,0.213,0.487,15.2,67.4,0.259,6,0.585365854,0.707317073,0.463414634,0.692307692,0.6,0.5,0.133333333,6.25,0.565217391,0.588235294,1,0,0.083333333,1.25,1.928571429,154,1,0,0,0,2,3,1
1985,Chicago Bulls,East,42.1,84.3,0.5,0.4,2,0.18,41.8,82.3,0.507,24.2,30.8,0.784,13.1,28.9,42,24.3,7.6,5.7,17.8,25.3,108.7,42.9,87.9,0.488,1.1,3.6,0.312,41.8,84.4,0.496,22.6,29.2,0.774,13.9,27.6,41.4,24.9,8.1,5.5,16.1,24.9,109.6,25.2,38,44,39,43,-0.84,0.34,-0.5,108.7,109.6,-0.9,99.4,0.366,0.023,0.556,0.502,15.4,32.2,0.287,0.495,13.8,67.5,0.257,14,0.463414634,0.634146341,0.292682927,0.611111111,0.448275862,0.372093023,0.066666667,6.25,0.52173913,0.431372549,1,0,0,0.166666667,0.821428571,144,0,0.001,0,0,2,7,0
1985,Indiana Pacers,East,42.5,89.3,0.476,0.4,1.9,0.194,42.2,87.4,0.482,22.8,30.7,0.744,14.6,32,46.6,23.7,7.6,4.5,19.8,27.3,108.3,44.2,89.4,0.495,0.8,2.4,0.32,43.5,87,0.5,25.2,33,0.764,13.4,31.5,44.9,27.3,9.5,6.4,17.4,25.3,114.5,24.1,22,60,26,56,-6.21,0.75,-5.46,102.5,108.4,-5.9,105.1,0.344,0.021,0.527,0.478,16.1,31.7,0.255,0.499,14.3,70.5,0.282,23,0.268292683,0.390243902,0.146341463,0.277777778,0.166666667,0.23255814,0,0,0.326086957,0.269230769,0,0,0,0,0,0,0,0,0,0,0,11,0
1985,Atlanta Hawks,East,42,86.8,0.484,0.9,2.9,0.311,41.1,84,0.49,21.7,28.9,0.752,14.2,28.6,42.8,24.5,8.1,6.6,18,25,106.6,42.7,88.6,0.482,0.6,2.6,0.217,42.2,86,0.49,22,29.1,0.758,16.2,29.4,45.6,25.5,8.2,4.5,18.1,24,108.1,25.5,34,48,37,45,-1.45,0.31,-1.14,105.9,107.3,-1.4,99.8,0.333,0.033,0.536,0.489,15.3,32.5,0.25,0.485,15.2,63.8,0.249,17,0.414634146,0.463414634,0.365853659,0.333333333,0.435897436,0.214285714,0,0,0.422222222,0.42,0,0.133333333,0.216666667,0.716666667,0.716666667,0,0,0,0,0,0,9,0
1985,Washington Bullets,East,43.1,90,0.479,1.3,4.9,0.274,41.8,85.2,0.49,18,24.3,0.743,12.3,29.2,41.5,25.5,8.6,4.8,15.6,22.8,105.5,42.6,87.5,0.487,0.8,2.8,0.284,41.8,84.7,0.493,19.8,26.5,0.747,13.6,32.6,46.2,24.2,7.7,4.8,17.9,22.4,105.8,27.1,40,42,40,42,-0.27,0.42,0.15,104.3,104.6,-0.3,100.3,0.269,0.054,0.524,0.486,13.4,27.5,0.2,0.491,15.3,68.2,0.226,13,0.487804878,0.682926829,0.292682927,0.615384615,0.533333333,0.409090909,0.066666667,6.25,0.574468085,0.42,1,0.066666667,0.316666667,1.066666667,3.269047619,218,2,0.244,0,2,1,6,0
1985,Seattle SuperSonics,West,40,84.3,0.474,0.5,2.3,0.243,39.4,82,0.481,21.7,28.1,0.771,12.4,27.9,40.3,26.6,7.9,4.2,18.2,24.1,102.1,42.9,87.1,0.493,1,3.1,0.312,42,84,0.499,20.8,27,0.77,13.6,29,42.6,27.1,8.9,5.6,16.9,24.6,107.6,26.4,31,51,27,55,-5.44,0,-5.44,102.8,108.2,-5.4,99.3,0.334,0.027,0.529,0.477,15.9,30,0.257,0.498,14.6,67.3,0.238,20,0.37804878,0.487804878,0.268292683,0.571428571,0.279069767,0.319148936,0,0,0.446808511,0.34,0,0.133333333,0.383333333,1.966666667,3.395238095,0,0,0,0,0,0,11,0
1985,New York Knicks,East,41.9,86.6,0.484,0.6,2.4,0.258,41.3,84.2,0.49,20.8,28.7,0.726,13.6,25.6,39.2,24.4,9.2,3.3,17.8,29.2,105.2,40.6,82.1,0.495,0.8,2.8,0.293,39.8,79.3,0.502,27.8,36.7,0.759,14.9,29.3,44.1,26.1,8.1,5.4,19.4,24.9,109.8,25.8,24,58,29,53,-4.63,0.54,-4.09,104.9,109.6,-4.7,99.5,0.331,0.028,0.53,0.487,15.2,31.7,0.24,0.499,16.5,63.3,0.339,21,0.292682927,0.463414634,0.12195122,0.444444444,0.189189189,0.166666667,0,0,0.361702128,0.25,0,0.4,0.566666667,0.566666667,0.792857143,0,0,0,0,0,0,10,0
1985,Detroit Pistons,East,46.8,97.5,0.48,0.5,2.4,0.226,46.3,95.1,0.487,21.7,27.6,0.788,17.1,30.9,48,28.1,8.4,4.8,16.4,25.3,116,45.1,90.9,0.496,1,3,0.313,44.2,87.9,0.502,22.3,29.3,0.76,13.5,31.3,44.8,25.7,7.8,6.2,18.1,24.6,113.5,26.9,46,36,47,35,2.49,0.24,2.73,109.6,107.2,2.4,105,0.283,0.025,0.529,0.483,13,35.4,0.223,0.501,14.9,69.6,0.245,7,0.56097561,0.634146341,0.487804878,0.375,0.588235294,0.394736842,0.333333333,12.5,0.622222222,0.588235294,1,0.133333333,0.133333333,0.133333333,0.621428571,124,1,0.224,0.013,3,5,4,0
1985,New Jersey Nets,East,44.5,90.8,0.49,0.6,2.7,0.232,43.8,88.1,0.498,19.9,27.3,0.729,15,28.4,43.4,26.4,9.4,5.1,16.5,24.5,109.5,42.9,85.9,0.499,1,3.2,0.302,41.9,82.7,0.507,22.5,29.9,0.753,13.2,29.3,42.5,24.1,8.3,4.3,18.2,23.6,109.2,26.5,42,40,42,40,0.23,0.41,0.64,107.9,107.7,0.2,101,0.3,0.03,0.532,0.493,13.8,33.9,0.219,0.505,15.6,68.2,0.263,9,0.512195122,0.658536585,0.365853659,0.5625,0.45,0.342105263,0,6.25,0.446808511,0.54,1,0.333333333,0.333333333,0.333333333,0.333333333,273,1,0.084,0,1,2,5,0
1985,Dallas Mavericks,West,43.4,88.8,0.489,1.9,5.4,0.343,41.6,83.4,0.498,22.5,28.3,0.793,13.4,28.6,42,26.2,7,4.1,14.4,21.9,111.2,44.2,87.8,0.504,1.2,3.9,0.308,43,83.9,0.513,19.4,25.4,0.763,13,30.1,43.1,25.8,7,5.2,16.3,25.2,109,25,44,38,47,35,2.17,-0.37,1.8,111.5,109.3,2.2,98.8,0.319,0.061,0.549,0.499,12.5,30.7,0.253,0.51,14.2,68.8,0.221,8,0.536585366,0.585365854,0.487804878,0.428571429,0.487804878,0.386363636,0.066666667,6.25,0.52173913,0.557692308,1,0.266666667,0.266666667,0.266666667,0.266666667,68,0,0.038,0,0,0,4,0
1985,Kansas City Kings,West,44.7,88.7,0.504,0.8,2.9,0.265,43.9,85.8,0.512,24.7,31.6,0.779,14.2,28.4,42.6,28.6,8.1,3.7,19.4,26.5,114.8,46.4,91,0.51,0.8,3.2,0.251,45.6,87.8,0.519,23.9,31,0.769,14.2,27.6,41.9,28.6,9.3,6.2,17.4,26.9,117.5,26.1,31,51,34,48,-2.67,-0.04,-2.71,109.5,112.1,-2.6,104.4,0.357,0.033,0.559,0.508,15.9,34,0.278,0.514,14.2,66.6,0.262,18,0.37804878,0.56097561,0.195121951,0.307692308,0.352941176,0.3,0,0,0.333333333,0.377358491,0,0,0,0.75,0.75,0,0,0,0,0,0,9,0
1985,Phoenix Suns,West,42.8,87.1,0.491,1.1,3.7,0.283,41.7,83.4,0.5,21.4,27.8,0.771,12.5,29.6,42.1,28.5,8.9,4.3,19.3,24.8,108,44,89.1,0.493,0.8,2.7,0.29,43.2,86.4,0.5,21.4,28,0.765,13.7,29.5,43.2,26.6,9.4,5,17.9,24.6,110.1,26.4,36,46,35,47,-2.11,-0.23,-2.34,104.7,106.8,-2.1,102.5,0.319,0.043,0.544,0.497,16.3,29.8,0.246,0.498,15,68.3,0.24,16,0.43902439,0.634146341,0.243902439,0.6,0.425,0.319148936,0,6.25,0.468085106,0.38,1,0.6,0.85,2.1,2.933333333,289,1,0.041,0,1,2,8,0
1985,Los Angeles Lakers,West,48.2,88.5,0.545,1.1,3.6,0.305,47.1,84.9,0.555,20.8,27.2,0.763,13,31.1,44.1,31.4,8.5,5.9,18.7,23.5,118.2,44.7,93.2,0.48,1,3.6,0.283,43.7,89.5,0.488,20.5,27.4,0.748,15.2,25.3,40.6,28.2,9.2,4.5,16.6,23.2,110.9,27.4,62,20,58,24,7.35,-0.87,6.48,114.1,107,7.1,103.2,0.308,0.041,0.589,0.551,15.7,33.8,0.235,0.485,13.7,67.1,0.22,2,0.756097561,0.87804878,0.634146341,0.357142857,0.775,0.707317073,1,100,0.659574468,0.8,1,0.933333333,2.6,3.933333333,4.29047619,536,11,8.099,0.159,18,14,1,1
1985,Cleveland Cavaliers,East,42.3,89.8,0.471,1.2,4.1,0.287,41.1,85.7,0.48,22.8,30.4,0.749,14.7,29.8,44.5,25.6,7.6,5.8,16.9,26.5,108.6,43.3,90.4,0.478,0.9,3.1,0.277,42.4,87.3,0.485,24,31.1,0.769,14.8,29.9,44.6,27,7.5,5.2,16.5,25.6,111.3,26.6,36,46,34,48,-2.76,0.48,-2.27,106,108.7,-2.7,101.9,0.338,0.045,0.526,0.478,14.1,32.9,0.254,0.483,13.7,66.9,0.265,15,0.43902439,0.487804878,0.390243902,0.642857143,0.333333333,0.285714286,0.066666667,6.25,0.295454545,0.555555556,1,0,0,0,0.571428571,123,2,0.023,0.013,1,1,8,0
1985,Utah Jazz,West,42.4,89,0.476,1.3,3.7,0.336,41.2,85.3,0.482,22.9,29.7,0.772,13.2,31.1,44.3,26.1,8.7,8.5,19.2,23.9,109,43.1,92.7,0.464,0.9,3.4,0.257,42.2,89.3,0.472,22.1,29,0.762,16.6,32.3,48.8,25.2,9.8,5.4,19.6,25.3,109.1,27,41,41,41,41,-0.11,-0.22,-0.33,103.3,103.4,-0.1,105.1,0.333,0.042,0.534,0.483,15.8,29,0.257,0.469,15.7,65.3,0.238,12,0.5,0.634146341,0.365853659,0.642857143,0.5,0.5,0.266666667,12.5,0.434782609,0.52,1,0.333333333,0.333333333,0.333333333,0.333333333,235,1,0.159,0.223,2,0,7,0
1984,San Antonio Spurs,West,47.7,94.2,0.506,1,3.2,0.3,46.7,91,0.514,24,31.8,0.755,15,30.8,45.8,28.8,8.4,6,17.6,26.2,120.3,48.7,96.5,0.505,0.6,2.6,0.241,48.1,93.8,0.513,22.4,29.6,0.758,15.8,29.9,45.7,30.7,8,5.7,17.4,26.7,120.5,27.4,37,45,40,42,-0.27,-0.23,-0.5,111.2,111.4,-0.2,106.5,0.337,0.034,0.556,0.511,14,33.4,0.255,0.508,13.7,66.2,0.233,17,0.451219512,0.682926829,0.219512195,0.375,0.444444444,0.363636364,0,0,0.444444444,0.5,0,0.5,1.083333333,1.892857143,1.892857143,0,0,0,0,0,0,10,0
1984,Seattle SuperSonics,West,42.2,86.4,0.488,0.3,1.7,0.193,41.9,84.7,0.494,23.4,30,0.78,13,28.4,41.4,27.2,7.8,4.3,16.6,23,108.1,43.7,89.5,0.489,0.7,2.8,0.237,43.1,86.7,0.497,20.2,26.4,0.763,14.2,29.3,43.5,27.8,8.1,4.7,16.2,25.6,108.3,27.1,42,40,41,41,-0.17,-0.17,-0.34,107.9,108.1,-0.2,99.7,0.347,0.02,0.543,0.49,14.3,30.7,0.271,0.492,13.8,66.6,0.226,11,0.512195122,0.780487805,0.243902439,0.461538462,0.485714286,0.475,0.133333333,6.25,0.523809524,0.547169811,1,0,0.25,2.761904762,3.261904762,294,4,0.289,0,2,1,5,0
1984,Indiana Pacers,East,42,87,0.483,0.6,2.5,0.232,41.5,84.4,0.491,19.8,25.8,0.766,12.2,29.2,41.5,26.5,10.2,4.9,18.6,25.1,104.5,43.3,87.5,0.495,0.4,1.8,0.199,43,85.7,0.501,22.3,29.5,0.757,14.6,31.3,45.8,25.8,9.3,5.4,19.4,23.5,109.3,24.4,26,56,28,54,-4.82,0.57,-4.25,101.8,106.5,-4.7,102.1,0.297,0.029,0.531,0.487,15.9,28.1,0.228,0.497,16.2,66.8,0.255,23,0.317073171,0.487804878,0.146341463,0.388888889,0.285714286,0.255319149,0,0,0.30952381,0.351851852,0,0,0,0,0,0,0,0,0,0,0,11,0
1984,Dallas Mavericks,West,44.1,88.2,0.5,0.5,2.2,0.228,43.6,86,0.507,21.6,28.7,0.755,13.3,27.6,40.9,26.4,7.1,4.4,15.9,23.2,110.4,44.3,88.8,0.499,0.8,2.7,0.284,43.5,86.1,0.506,20.6,26.8,0.768,14.4,28.6,43,26,7.7,5.1,16.9,27,110,24.7,43,39,42,40,0.43,-0.27,0.15,110,109.6,0.4,99,0.325,0.025,0.547,0.503,13.6,31.7,0.245,0.503,14.4,65.7,0.232,10,0.524390244,0.756097561,0.292682927,0.52,0.592592593,0.394736842,0.266666667,12.5,0.568181818,0.519230769,1,0,0,0,0,30,0,0.001,0,0,0,4,0
1984,New Jersey Nets,East,44.1,88.5,0.498,0.6,2.8,0.211,43.5,85.7,0.507,21.2,30.3,0.7,14.9,28.2,43.1,26.2,9.9,6.1,19.6,27.4,110,41.7,85,0.491,0.6,2.2,0.265,41.1,82.8,0.497,24.8,32.6,0.761,13.4,28.1,41.5,23.3,9.5,5.1,20.4,26.4,108.9,25.5,45,37,44,38,1.1,0.17,1.27,106.1,105,1.1,103,0.343,0.032,0.54,0.501,16.1,34.6,0.24,0.494,17,67.8,0.292,8,0.548780488,0.707317073,0.390243902,0.647058824,0.592592593,0.487804878,0.333333333,12.5,0.5,0.607843137,1,0,0,0,0,191,1,0.09,0,2,1,6,0
1984,San Diego Clippers,West,44.3,89.3,0.496,0.3,1.6,0.188,44,87.8,0.502,21.8,29.6,0.736,15.9,29,45,24.2,6.9,4.7,18.5,24.6,110.7,46,90.3,0.509,0.6,2.3,0.283,45.3,88,0.515,21.3,27.2,0.783,13.6,26.4,39.9,28.9,8.9,5.6,15.1,24.9,114,25.5,30,52,33,49,-3.26,0.04,-3.21,109.2,112.4,-3.2,101.1,0.331,0.017,0.541,0.498,15.3,37.7,0.244,0.513,12.9,68.2,0.236,19,0.365853659,0.609756098,0.12195122,0.416666667,0.294117647,0.304347826,0,0,0.340909091,0.38,0,0,0,0,0,0,0,0,0,0,0,11,0
1984,Philadelphia 76ers,East,41.3,83.3,0.495,0.4,1.3,0.271,40.9,82,0.499,24.9,33,0.754,14.4,29,43.5,24.8,9.8,8,19.9,24.9,107.8,41.8,87,0.48,0.6,2.5,0.227,41.2,84.5,0.488,21.4,28.9,0.742,15.1,27.3,42.3,25.1,9.8,5.9,19,27.3,105.6,27.7,52,30,47,35,2.2,0.2,2.39,106.8,104.6,2.2,99.6,0.396,0.016,0.551,0.497,16.9,34.6,0.299,0.484,16,65.9,0.246,3,0.634146341,0.780487805,0.487804878,0.666666667,0.64,0.595238095,0.133333333,6.25,0.674418605,0.574074074,1,1,2.75,4.595238095,5.392857143,550,10,3.767,0.16,11,10,2,1
1984,Chicago Bulls,East,40.3,85,0.474,0.2,1.4,0.171,40.1,83.6,0.479,22.8,30.6,0.746,13.9,28,42,25.5,8.4,5.5,19.2,26.8,103.7,42.7,86.4,0.494,0.5,2.2,0.203,42.3,84.1,0.502,23,30.1,0.763,13.7,29.1,42.8,27.3,9.6,6.3,18.5,25.7,108.9,24.4,27,55,28,54,-5.18,0.5,-4.69,102.4,107.5,-5.1,99.8,0.36,0.017,0.526,0.475,16.3,32.3,0.268,0.497,15.6,67.2,0.266,22,0.329268293,0.43902439,0.219512195,0.294117647,0.27027027,0.304347826,0,0,0.390243902,0.272727273,0,0,0.166666667,0.166666667,1.154761905,0,0,0,0,0,0,10,0
1984,Atlanta Hawks,East,39.4,83,0.474,0.3,1.3,0.217,39.1,81.7,0.478,22.4,29.4,0.761,13.6,27.2,40.8,22.3,7.6,6.8,16.2,25.5,101.5,40,83.5,0.479,0.5,2.3,0.211,39.5,81.2,0.486,22.4,29,0.771,14.5,29.4,43.9,24.7,7.1,5.2,17.2,25.5,102.8,26.6,40,42,37,45,-1.29,0.22,-1.08,105.5,106.9,-1.4,95.3,0.355,0.016,0.529,0.476,14.4,31.6,0.27,0.482,15.1,65.2,0.268,13,0.487804878,0.756097561,0.219512195,0.588235294,0.424242424,0.456521739,0.133333333,6.25,0.533333333,0.470588235,1,0.083333333,0.083333333,0.583333333,0.583333333,257,4,0.032,0.133,1,7,7,0
1984,Phoenix Suns,West,44.8,88,0.509,0.9,3.5,0.254,43.9,84.5,0.52,20.4,26.9,0.759,13,28,41,27,8.5,4.7,17.7,26.2,111,42.8,86.1,0.497,0.7,2.7,0.247,42.1,83.4,0.505,23.9,31,0.77,13,28.5,41.4,25.1,8.2,3.6,18,24.9,110.1,27.2,41,41,43,39,0.89,-0.24,0.65,108.9,108,0.9,101.4,0.305,0.04,0.556,0.514,15.1,31.4,0.232,0.501,15.3,68.3,0.277,12,0.5,0.756097561,0.243902439,0.363636364,0.568181818,0.3,0.6,25,0.441860465,0.509803922,1,0.083333333,0.5,1.5,2.333333333,364,3,0.085,0,7,2,6,0
1984,Portland Trail Blazers,West,44.3,87.7,0.505,0.3,1.6,0.194,44,86.1,0.511,24.2,32.2,0.754,15.3,26.8,42,25.4,9.9,4.8,18.1,26,113.1,43.5,84.7,0.514,0.7,2.5,0.274,42.8,82.1,0.521,21.9,28.9,0.76,12.9,26.6,39.6,25.8,7.9,5.4,19.9,26.6,109.6,25.8,48,34,50,32,3.55,-0.42,3.13,111.2,107.7,3.5,101.1,0.367,0.018,0.556,0.507,15.1,36.4,0.277,0.518,17,67.4,0.259,6,0.585365854,0.804878049,0.365853659,0.533333333,0.714285714,0.5,0.133333333,6.25,0.586956522,0.551020408,1,0.25,0.333333333,0.642857143,1.642857143,83,0,0.001,0,0,0,2,1
1984,Los Angeles Lakers,West,47,88.4,0.532,0.7,2.8,0.257,46.3,85.7,0.54,20.9,27.7,0.754,13.4,30.5,43.8,29.9,8.9,5.8,19.2,25,115.6,44.8,92.7,0.483,0.8,2.7,0.283,44,90,0.489,21.5,28.6,0.751,15.3,26.3,41.5,27.6,9.7,4.6,17.6,24.1,111.8,27.5,54,28,50,32,3.76,-0.44,3.32,110.9,107.3,3.6,103.7,0.313,0.031,0.574,0.536,16.1,33.7,0.236,0.487,14.3,66.6,0.232,2,0.658536585,0.682926829,0.634146341,0.545454545,0.666666667,0.6,0.933333333,50,0.627906977,0.660377358,1,0.666666667,1.75,3.071428571,3.44047619,463,14,7.531,0.08,16,14,1,1
1984,Denver Nuggets,West,48,97.4,0.493,0.9,3.1,0.302,47,94.2,0.499,26.8,32.8,0.818,13.8,29.8,43.6,30.3,8.7,4.3,16.4,27.8,123.7,49,94.5,0.518,0.8,2.5,0.302,48.2,92,0.524,26.1,34.9,0.749,15,33.4,48.4,29.9,8.2,6.6,18.8,27.7,124.8,27,38,44,38,44,-1.1,-0.17,-1.27,111.3,112.3,-1,110.5,0.337,0.032,0.553,0.498,12.8,29.3,0.276,0.522,14.6,66.6,0.277,14,0.463414634,0.658536585,0.268292683,0.444444444,0.470588235,0.363636364,0.133333333,6.25,0.431818182,0.48,1,0.25,0.333333333,0.845238095,0.988095238,209,1,0.078,0,2,1,7,0
1984,Detroit Pistons,East,46.3,96.5,0.48,0.4,1.7,0.227,45.9,94.7,0.485,24.1,31.1,0.775,17.4,29.7,47.1,27.5,8.5,5.1,16,26.5,117.1,44.6,89.9,0.496,0.6,2.5,0.262,44,87.4,0.503,23.7,31.4,0.753,14.2,30,44.1,26.7,7.6,6.4,18,26.7,113.5,25.4,49,33,50,32,3.59,-0.06,3.52,111.5,108.1,3.4,103.8,0.322,0.018,0.532,0.482,12.7,36.7,0.25,0.5,14.8,67.7,0.263,5,0.597560976,0.731707317,0.463414634,0.55,0.735294118,0.525,0.133333333,6.25,0.534883721,0.634615385,1,0,0,0,0.738095238,114,2,0.029,0,1,2,4,0
1984,New York Knicks,East,41.3,83.4,0.495,0.6,2,0.285,40.7,81.4,0.5,23.7,30.6,0.775,13.3,27.2,40.5,24.9,9.8,4.4,19.4,27.8,106.9,39.8,81.5,0.488,0.6,2.3,0.275,39.1,79.2,0.494,22.9,30.2,0.758,12.7,26.5,39.2,25,8.8,4.8,20.5,26.8,103,27.2,47,35,51,31,3.84,-0.05,3.79,107,103.1,3.9,99,0.367,0.024,0.552,0.499,16.7,33.4,0.284,0.491,17.8,68.1,0.281,7,0.573170732,0.707317073,0.43902439,0.294117647,0.724137931,0.463414634,0.4,12.5,0.581395349,0.588235294,1,0.166666667,0.166666667,0.30952381,0.80952381,208,1,0.067,0,2,0,5,0
1984,Utah Jazz,West,44,88.3,0.498,1.2,3.9,0.319,42.7,84.5,0.506,25.8,33,0.781,13.4,30.8,44.1,27.2,8.5,7.4,18.4,24.1,115,45.7,96,0.476,0.6,2.5,0.221,45.1,93.5,0.483,21.9,29.4,0.745,17.8,30,47.8,27.3,9.1,5.7,17.5,26.8,113.8,26.9,45,37,44,38,1.13,-0.32,0.81,109,108,1,104.9,0.374,0.044,0.559,0.505,15.2,30.8,0.292,0.479,13.9,63.4,0.229,9,0.548780488,0.756097561,0.341463415,0.6,0.542857143,0.5,0.333333333,12.5,0.636363636,0.490196078,1,0,0,0,0,66,1,0.035,0,1,0,3,1
1984,Boston Celtics,East,44.1,88.2,0.5,0.7,2.8,0.24,43.4,85.4,0.508,23.3,29.4,0.792,14.1,31,45.1,25.9,8.2,5.2,17.3,23.8,112.1,42.2,89.9,0.47,0.9,2.7,0.324,41.4,87.2,0.474,20.2,26.1,0.774,13.4,27.2,40.6,23.9,8.6,4,16.2,25.5,105.6,28,62,20,57,25,6.56,-0.14,6.42,110.9,104.4,6.5,99.7,0.333,0.032,0.554,0.504,14.6,34.2,0.264,0.475,13.8,69.7,0.225,1,0.756097561,0.804878049,0.707317073,0.692307692,0.885714286,0.642857143,1,100,0.795454545,0.76,1,0.166666667,1.75,2.166666667,5.023809524,412,7,2.104,0.08,7,13,1,1
1984,Kansas City Kings,West,42.9,88.2,0.486,0.6,2.3,0.275,42.2,85.9,0.492,23.6,30.4,0.777,14,27.7,41.7,27.2,8.7,4.7,18.3,26.8,110,43.9,87.4,0.502,0.4,2,0.201,43.5,85.4,0.509,23.3,30.6,0.761,13.7,29.1,42.8,25.7,8,6,19.3,26.7,111.5,26.2,38,44,37,45,-1.48,-0.15,-1.62,106.5,108,-1.5,102.9,0.345,0.026,0.542,0.49,15.3,32.4,0.268,0.505,16.1,66.9,0.266,15,0.463414634,0.634146341,0.292682927,0.523809524,0.387096774,0.318181818,0,6.25,0.395348837,0.471698113,1,0,0.583333333,0.75,0.75,199,1,0.013,0,0,4,8,0
1984,Golden State Warriors,West,42.9,91.9,0.467,0.7,2.8,0.243,42.2,89.1,0.474,23.4,31.4,0.743,17,26.5,43.4,22.4,10.1,4.2,18.5,25.7,109.9,45.4,87.9,0.517,0.4,2.1,0.211,45,85.8,0.524,22,29,0.758,14.8,30.6,45.4,26.2,8.4,6,20.7,27.4,113.3,25.6,37,45,32,50,-3.4,0.05,-3.35,105.5,108.8,-3.3,103.3,0.342,0.03,0.52,0.471,14.9,35.6,0.254,0.519,17,64.2,0.25,16,0.451219512,0.658536585,0.243902439,0.666666667,0.233333333,0.347826087,0,0,0.434782609,0.448979592,0,0,0,0,1.94047619,0,0,0,0,0,0,9,0
1984,Cleveland Cavaliers,East,41,88.2,0.465,0.5,2,0.262,40.5,86.2,0.47,19.7,26.6,0.743,14.8,29.1,43.9,23.5,7.7,4.6,16.2,26.9,102.3,41.1,84.5,0.487,0.6,2.3,0.263,40.5,82.2,0.493,23.6,31,0.763,12,29.3,41.3,26.1,7.1,4.8,14.9,23.2,106.5,25.4,28,54,30,52,-4.26,0.55,-3.71,104.1,108.5,-4.4,97.4,0.301,0.023,0.512,0.468,14,33.5,0.224,0.49,13.2,70.8,0.28,21,0.341463415,0.56097561,0.12195122,0.384615385,0.25,0.234042553,0,0,0.302325581,0.37254902,0,0,0,0,0.571428571,0,0,0,0,0,0,9,0
1984,Houston Rockets,West,45.5,91.9,0.495,0.4,1.9,0.195,45.1,90,0.501,19.3,26.1,0.74,14.6,30.3,44.9,26.9,7.6,6.3,19,28.3,110.6,43.7,90.4,0.483,0.5,1.9,0.268,43.2,88.5,0.488,25.8,34.2,0.755,14.6,30,44.6,24.7,9.5,5.2,17.3,23.4,113.7,26.8,29,53,33,49,-3.09,-0.04,-3.12,105.3,108.2,-2.9,104.7,0.284,0.02,0.535,0.497,15.6,32.8,0.21,0.486,14.1,67.5,0.285,20,0.353658537,0.512195122,0.195121951,0.454545455,0.357142857,0.295454545,0,0,0.422222222,0.333333333,0,0,1.083333333,1.25,1.928571429,0,0,0,0,0,0,12,0
1984,Washington Bullets,East,40.8,84.2,0.484,0.9,3.4,0.252,39.9,80.8,0.494,20.3,26.8,0.756,12.5,29.1,41.6,26.7,6.8,3.9,17.7,24.3,102.7,42.3,86.4,0.489,0.5,2.1,0.215,41.8,84.3,0.496,20.6,27,0.763,12.6,29,41.7,24.9,8.6,6,15.6,24.6,105.6,26.2,35,47,33,49,-2.89,0.53,-2.36,104.2,107.2,-3,97.4,0.319,0.041,0.535,0.489,15.5,30.1,0.241,0.492,13.7,69.7,0.239,18,0.426829268,0.609756098,0.243902439,0.470588235,0.322580645,0.375,0.066666667,6.25,0.444444444,0.377358491,1,0,0.25,2,3.202380952,116,1,0.016,0,0,0,8,0
1984,Milwaukee Bucks,East,41.9,85,0.492,0.7,2.8,0.254,41.1,82.2,0.501,21.3,28.7,0.74,13.8,29.1,42.9,25.8,7.8,6,17.3,26.4,105.7,39.1,85.8,0.456,0.5,2.5,0.207,38.6,83.3,0.463,22.8,30.4,0.751,15.3,27.3,42.5,23.9,8,3.9,17.1,25.5,101.5,28.4,50,32,52,30,4.16,-0.12,4.04,107.8,103.6,4.2,96.9,0.338,0.033,0.541,0.497,15,33.7,0.25,0.459,14.7,65.6,0.266,4,0.609756098,0.731707317,0.487804878,0.454545455,0.666666667,0.5,0.533333333,25,0.568181818,0.615384615,1,0.416666667,0.833333333,1.44047619,2.44047619,339,1,1.097,0.187,5,2,3,1
1983,Houston Rockets,West,40.7,90.8,0.448,0.8,3.3,0.247,39.9,87.5,0.456,17.1,23.6,0.725,14.7,27.6,42.3,23.5,7.9,5.1,19.2,26,99.3,44.4,88.3,0.503,0.4,1.5,0.264,44,86.8,0.507,21.7,29,0.75,14.6,33,47.7,27.5,9.4,5,18.3,23.6,110.9,29,14,68,14,68,-11.6,0.48,-11.12,97,108.3,-11.3,102.2,0.26,0.036,0.491,0.453,15.9,30.8,0.188,0.505,15.4,65.4,0.246,23,0.170731707,0.219512195,0.12195122,0.5,0.066666667,0.115384615,0,0,0.181818182,0.188679245,0,0.083333333,1.25,1.678571429,1.928571429,0,0,0,0,0,0,12,0
1983,Phoenix Suns,West,43.4,87.3,0.497,0.5,1.9,0.253,42.9,85.4,0.502,19.8,26.7,0.743,13.3,30.7,44,28,9.1,6,18.8,25.1,107,40.3,88.6,0.455,0.5,2.4,0.221,39.8,86.2,0.462,20.8,27.7,0.753,14.8,28.4,43.1,24.2,8.7,4.2,19,24.9,102,26.6,53,29,54,28,5.06,-0.45,4.61,105.1,100.1,5,101.6,0.306,0.022,0.54,0.499,16,32,0.227,0.458,15.9,67.5,0.235,4,0.646341463,0.780487805,0.512195122,0.285714286,0.75,0.553191489,0.083333333,6.25,0.574468085,0.666666667,1,0.166666667,0.666666667,1.416666667,2.25,313,2,0.141,0,5,6,2,1
1983,Washington Bullets,East,40.3,86.1,0.468,0.9,2.9,0.295,39.5,83.2,0.474,17.7,25.1,0.705,13.4,29.6,43,25,8.9,4.9,19.4,23.9,99.2,40.2,85.9,0.468,0.5,2,0.227,39.8,83.9,0.474,18.4,25.4,0.725,13.6,30.7,44.2,22.8,8.5,6.8,18.8,24.1,99.3,25.8,42,40,41,41,-0.13,0.33,0.2,99.1,99.3,-0.2,99.4,0.292,0.034,0.511,0.473,16.6,30.4,0.206,0.471,16.2,68.6,0.214,14,0.512195122,0.658536585,0.365853659,0.5,0.5,0.42,0,0,0.454545455,0.490566038,0,0.25,0.25,2.285714286,3.202380952,0,0,0,0,0,0,7,0
1983,Portland Trail Blazers,West,42.2,86.9,0.486,0.4,1.8,0.233,41.8,85,0.491,22.6,30.6,0.738,14.4,29,43.4,24.8,9.1,4.7,18.2,23.9,107.4,42.7,87.9,0.486,0.7,2.3,0.293,42,85.6,0.491,19.2,25,0.768,13.7,28.8,42.6,25.3,8,6.1,18.9,27.2,105.3,25.5,46,36,47,35,2.13,-0.25,1.88,106,103.9,2.1,101,0.353,0.021,0.535,0.488,15.4,33.3,0.26,0.49,16,67.9,0.218,9,0.56097561,0.756097561,0.365853659,0.545454545,0.558823529,0.468085106,0.25,12.5,0.6,0.56,1,0,0.166666667,1.392857143,1.392857143,102,1,0.001,0,0,4,5,0
1983,San Diego Clippers,West,44.2,93.1,0.475,0.8,3.2,0.244,43.4,89.9,0.483,19.4,26.8,0.724,17,25.7,42.7,25.5,10,5,19.5,27.9,108.6,44.5,84.3,0.529,0.4,1.6,0.246,44.1,82.7,0.534,23.9,32,0.748,13.4,28.8,42.2,25.7,9.6,6.3,21,23.9,113.4,24.8,25,57,29,53,-4.83,0.22,-4.61,104.7,109.3,-4.6,103,0.288,0.034,0.518,0.479,15.7,37.1,0.208,0.531,17.6,65.8,0.284,20,0.304878049,0.43902439,0.170731707,0.2,0.257142857,0.245283019,0,0,0.304347826,0.37254902,0,0,0,0,0,0,0,0,0,0,0,11,0
1983,Indiana Pacers,East,45.2,94.2,0.48,0.6,2.9,0.212,44.6,91.3,0.488,17.6,23.3,0.758,15.8,28,43.8,26.2,9.2,5,18.7,25.4,108.7,46,88.8,0.517,0.5,1.7,0.282,45.5,87.1,0.522,22.1,29.4,0.752,14.7,31.3,46,27.3,9.3,5.4,20,23,114.5,24.9,20,62,27,55,-5.85,0.49,-5.36,103.8,109.4,-5.6,103.9,0.247,0.031,0.52,0.483,15.2,33.6,0.187,0.52,16.4,65.5,0.249,22,0.243902439,0.341463415,0.146341463,0.428571429,0.107142857,0.203703704,0,0,0.325581395,0.169811321,0,0,0,0,0,0,0,0,0,0,0,11,0
1983,Utah Jazz,West,43,89.5,0.48,0.5,2.2,0.24,42.5,87.3,0.486,22.5,29.8,0.756,13.3,31.1,44.4,26.5,9.2,7.3,20.5,24.6,109,46.3,96.7,0.478,0.6,2.4,0.241,45.7,94.3,0.484,20.1,27.9,0.719,17.5,32.6,50.1,26.9,10.1,5.5,19.5,25.6,113.2,25.8,30,52,30,52,-4.2,-0.03,-4.22,101.2,105.1,-3.9,107.3,0.332,0.025,0.531,0.483,16.7,29,0.251,0.481,15.2,63.9,0.208,18,0.365853659,0.512195122,0.219512195,0.222222222,0.243243243,0.192307692,0,0,0.382978723,0.36,0,0,0,0,0,0,0,0,0,0,0,10,0
1983,Seattle SuperSonics,West,43.9,88.7,0.494,0.4,1.7,0.21,43.5,87.1,0.5,21.9,30,0.73,14,31.3,45.4,27.8,8.3,5.3,18.7,24,110,43.2,93.9,0.46,0.6,2.4,0.249,42.6,91.5,0.466,19.7,26.6,0.739,16,29.2,45.3,26.2,8.9,4.4,17.6,26.2,106.8,27.4,48,34,49,33,3.21,-0.33,2.88,105.9,102.8,3.1,103.2,0.338,0.019,0.539,0.496,15.5,32.5,0.247,0.464,14.3,66.2,0.21,8,0.585365854,0.707317073,0.463414634,0.45,0.657142857,0.446808511,0,6.25,0.555555556,0.490196078,1,0.25,0.833333333,2.761904762,3.261904762,394,5,0.448,0,5,3,4,0
1983,Kansas City Kings,West,45.4,91.3,0.497,0.6,2.6,0.237,44.7,88.7,0.505,22.4,30.9,0.727,15.3,29.4,44.7,26.3,9.3,5,20.6,29.7,113.8,43.1,88.4,0.487,0.5,2.3,0.213,42.6,86.1,0.494,25.7,35.2,0.73,15.2,29.3,44.5,24.4,9.9,5.4,20.9,27.4,112.3,24.5,45,37,45,37,1.45,-0.41,1.04,106.2,104.9,1.3,106.6,0.338,0.029,0.542,0.5,16.4,34.3,0.246,0.49,16.8,65.8,0.291,11,0.548780488,0.731707317,0.365853659,0.692307692,0.547619048,0.413043478,0,0,0.511111111,0.509090909,0,0,0.666666667,0.75,0.75,0,0,0,0,0,0,7,0
1983,Atlanta Hawks,East,40.9,87.1,0.469,0.5,2.3,0.239,40.3,84.9,0.475,19.3,25.7,0.751,13.9,29.7,43.6,23.7,7,8.1,17.4,24.7,101.6,41.3,87.8,0.47,0.5,2,0.235,40.8,85.8,0.475,19.6,27.3,0.719,15.9,31.4,47.2,23.5,8,4.7,17.9,24.2,102.6,26.6,43,39,38,44,-0.95,0.23,-0.72,102.2,103.2,-1,98.9,0.295,0.026,0.516,0.472,15,30.7,0.222,0.473,15.2,65.1,0.223,13,0.524390244,0.634146341,0.414634146,0.818181818,0.431818182,0.354166667,0.083333333,6.25,0.477272727,0.547169811,1,0,0.083333333,0.5,0.666666667,161,2,0.034,0,2,4,6,0
1983,Cleveland Cavaliers,East,39.7,85.3,0.465,0.4,1.5,0.25,39.3,83.8,0.469,17.4,24.2,0.721,14.3,29.4,43.7,21.2,7.5,3.5,18.8,27.3,97.1,41.2,84.3,0.489,0.4,1.8,0.219,40.8,82.5,0.495,21.7,29.2,0.743,11.9,29,40.9,24.5,7.6,5.3,15.5,22.3,104.6,26.4,23,59,22,60,-7.44,0.66,-6.78,99.2,106.8,-7.6,97.6,0.283,0.017,0.506,0.467,16.4,33,0.204,0.492,13.8,71.3,0.258,21,0.280487805,0.365853659,0.195121951,0.727272727,0.146341463,0.166666667,0,0,0.204545455,0.358490566,0,0,0,0.071428571,0.571428571,0,0,0,0,0,0,10,0
1983,San Antonio Spurs,West,45.1,89.5,0.504,1.1,3.8,0.305,43.9,85.8,0.512,23,30.1,0.765,15,31.7,46.7,27.6,8.2,5.7,18.3,25.5,114.3,44.6,91.8,0.485,0.6,2.5,0.254,43.9,89.4,0.492,20.9,27.3,0.766,14.1,27.6,41.7,28.4,8,5.6,17.4,26.8,110.7,27.2,53,29,50,32,3.66,-0.56,3.1,110.1,106.6,3.5,103.3,0.336,0.042,0.556,0.51,15.1,35.3,0.257,0.489,14.4,69.1,0.228,5,0.646341463,0.756097561,0.536585366,0.590909091,0.735294118,0.52173913,0.5,25,0.625,0.653061224,1,0.333333333,0.666666667,1.392857143,1.392857143,346,2,0.89,0,6,0,3,1
1983,Denver Nuggets,West,48.2,97.5,0.494,0.3,1.5,0.19,47.9,96,0.499,26.6,32.9,0.808,14.8,30.8,45.6,28.5,9.6,4.3,18.2,25.5,123.2,50,99,0.505,0.9,3.1,0.281,49.1,95.9,0.512,21.8,29.2,0.747,16.7,32.9,49.6,29.1,8.9,7.5,20,28.7,122.6,27.2,45,37,42,40,0.62,-0.36,0.27,109.7,109.1,0.6,112.1,0.337,0.016,0.55,0.495,14,31,0.272,0.509,15.1,64.8,0.22,10,0.548780488,0.707317073,0.390243902,0.4,0.531914894,0.434782609,0.25,12.5,0.47826087,0.615384615,1,0.083333333,0.083333333,0.738095238,0.738095238,204,1,0.021,0,1,0,6,0
1983,New York Knicks,East,39.9,82.8,0.482,0.4,1.6,0.252,39.5,81.2,0.486,19.8,27.8,0.71,13.2,27.6,40.8,24.8,8.5,4.6,18.4,26.6,100,38.2,80.4,0.475,0.5,2,0.229,37.7,78.4,0.481,20.7,27.6,0.75,13.1,28.5,41.6,22.8,8.5,4.9,20.5,25.8,97.5,26.5,44,38,48,34,2.45,0.13,2.58,102.4,99.9,2.5,97,0.336,0.019,0.526,0.484,16.2,31.6,0.239,0.478,18.1,67.8,0.257,12,0.536585366,0.634146341,0.43902439,0.5,0.641025641,0.428571429,0.166666667,12.5,0.4,0.634615385,1,0,0,0.142857143,1.642857143,220,1,0.067,0,6,0,5,0
1983,Los Angeles Lakers,West,48.3,91.6,0.528,0.1,1.2,0.104,48.2,90.4,0.533,18.2,24.8,0.736,15.1,29.7,44.7,30.7,10.3,5.8,19.3,23.5,115,45.5,92.9,0.49,0.7,2.6,0.259,44.9,90.3,0.497,17.7,24.5,0.725,15.8,26.4,42.2,29.1,9.3,4.6,19,22.7,109.5,26.9,58,24,55,27,5.55,-0.49,5.06,110.5,105.2,5.3,103.8,0.27,0.013,0.561,0.528,15.9,36.3,0.199,0.494,15.5,65.3,0.191,2,0.707317073,0.804878049,0.609756098,0.722222222,0.772727273,0.595744681,0.666666667,50,0.772727273,0.666666667,1,1,2.083333333,2.69047619,3.523809524,501,18,7.115,0,14,13,1,1
1983,Dallas Mavericks,West,44.8,92.1,0.487,0.5,2.3,0.232,44.3,89.8,0.493,22.6,30,0.752,15.8,29,44.8,27.2,6.7,4.2,16.4,25.2,112.7,45.8,91.2,0.502,0.6,2.5,0.262,45.2,88.8,0.509,20.8,28.6,0.728,14.8,29.7,44.5,27.9,7.4,6.9,16.9,27.2,113.1,24.2,38,44,40,42,-0.41,-0.29,-0.7,109.4,109.8,-0.4,102.8,0.326,0.025,0.535,0.489,13.5,34.8,0.245,0.506,14,66.2,0.228,15,0.463414634,0.56097561,0.365853659,0.388888889,0.470588235,0.346153846,0,0,0.477272727,0.481481481,0,0,0,0,0,0,0,0,0,0,0,8,0
1983,Detroit Pistons,East,44.2,92.7,0.477,0.9,3.3,0.265,43.3,89.4,0.484,23.4,31.6,0.742,16,30.2,46.2,25.7,8.3,7,19,25.9,112.7,46.4,93.6,0.495,0.3,2.2,0.115,46.1,91.4,0.504,20.1,27.9,0.72,15.4,31.6,47.1,27.5,9.3,6.8,19.3,28.4,113.1,24.6,37,45,40,42,-0.4,0.24,-0.17,105.4,105.8,-0.4,105.8,0.34,0.036,0.529,0.481,15.1,33.6,0.253,0.496,15.4,66.2,0.214,16,0.451219512,0.56097561,0.341463415,0.428571429,0.5,0.351851852,0,0,0.5,0.42,0,0,0,0.071428571,0.738095238,0,0,0,0,0,0,8,0
1983,Philadelphia 76ers,East,43.9,88,0.499,0.3,1.3,0.229,43.6,86.6,0.503,24,32.3,0.742,16.3,31.7,47.9,24.6,9.9,7,19.8,24.9,112.1,42,91.1,0.461,0.7,3,0.217,41.3,88.1,0.469,19.8,27.5,0.721,16.2,27.6,43.8,25.5,9.2,6.2,19.4,27.4,104.4,26.7,65,17,60,22,7.67,-0.14,7.53,108.3,100.9,7.4,102.7,0.367,0.015,0.549,0.501,16.3,37.1,0.273,0.464,15.8,66.2,0.217,1,0.792682927,0.853658537,0.731707317,0.636363636,0.866666667,0.7,1,100,0.863636364,0.773584906,1,1,2.75,4.30952381,4.392857143,481,2,2.658,0,9,7,1,1
1983,Chicago Bulls,East,43.1,89.9,0.48,0.5,2.5,0.215,42.6,87.4,0.487,24.2,32.8,0.737,15.5,30.8,46.3,25.4,8.1,4.9,21.3,26.7,111,46.5,94,0.495,0.6,2.1,0.261,46,91.9,0.5,22.3,29.7,0.749,14.6,30,44.5,27.2,10.3,7.7,17.8,27.6,115.9,24.5,28,54,29,53,-4.89,0.48,-4.41,103.4,108,-4.6,106.1,0.365,0.028,0.532,0.483,16.9,34,0.269,0.498,14.3,67.9,0.237,19,0.341463415,0.43902439,0.243902439,0.375,0.194444444,0.203703704,0,0,0.326086957,0.346153846,0,0,0.166666667,0.238095238,1.404761905,0,0,0,0,0,0,9,0
1983,New Jersey Nets,East,42.8,87.1,0.492,0.4,1.8,0.201,42.4,85.3,0.498,19.8,28.1,0.705,15.4,29.6,45,26.1,11.1,7.2,22.8,26.4,105.8,40.6,84.9,0.478,0.5,2.5,0.216,40,82.4,0.486,21.3,28.9,0.737,13.4,26.5,40,24.1,10.5,6,22.8,26,103,25.2,49,33,49,33,2.77,0.01,2.77,101.6,98.9,2.7,104,0.322,0.021,0.532,0.494,18.7,36.8,0.227,0.481,18.9,68.8,0.251,7,0.597560976,0.731707317,0.463414634,0.461538462,0.5625,0.489795918,0,6.25,0.622222222,0.615384615,1,0,0,0,0,167,0,0.021,0,1,1,4,0
1983,Golden State Warriors,West,44.2,91.6,0.483,0.4,1.8,0.227,43.8,89.7,0.488,19.8,26.8,0.737,15.6,27.9,43.5,24,10.4,5.2,19.6,26.1,108.6,45.2,88.5,0.51,0.5,2,0.251,44.7,86.5,0.517,21.4,29.2,0.732,15.2,30.4,45.7,26.5,9.2,6,20.6,24.7,112.3,24.7,30,52,32,50,-3.62,0.14,-3.48,103.9,107.4,-3.5,104,0.293,0.02,0.526,0.485,15.9,33.9,0.216,0.513,16.9,64.6,0.241,17,0.365853659,0.512195122,0.219512195,0.363636364,0.292682927,0.339622642,0,0,0.422222222,0.346153846,0,0,0,0.357142857,2.357142857,0,0,0,0,0,0,9,0
1983,Milwaukee Bucks,East,42.5,87,0.489,0.5,2.1,0.219,42.1,84.9,0.495,21.1,28,0.753,13.4,30.2,43.6,25.8,8.1,6.5,17.6,26,106.6,40.7,89.2,0.456,0.5,2.5,0.182,40.2,86.7,0.464,20.3,27.4,0.742,15.9,28.6,44.5,24.9,7.6,3.7,18.6,26.2,102.2,28.1,51,31,53,29,4.4,-0.08,4.32,105.8,101.4,4.4,100,0.322,0.024,0.537,0.491,15.1,31.8,0.243,0.459,15.5,65.5,0.228,6,0.62195122,0.756097561,0.487804878,0.5,0.723404255,0.5,0.416666667,25,0.652173913,0.6,1,0.166666667,0.666666667,1.023809524,2.19047619,221,0,0.822,0,5,1,3,1
1983,Boston Celtics,East,45.3,92,0.492,0.5,2.3,0.21,44.8,89.8,0.499,21.1,28.6,0.737,15.5,30.9,46.4,27,9.6,6.4,18.8,25.1,112.1,42.4,90.3,0.47,0.6,2.2,0.267,41.8,88.1,0.475,21.3,28.1,0.759,14.5,29.2,43.6,24.7,8.5,4.1,19.6,26.1,106.7,27.3,56,26,55,27,5.35,-0.01,5.34,106.9,101.8,5.1,104,0.311,0.025,0.536,0.494,15.2,34.7,0.229,0.473,16,68.1,0.236,3,0.682926829,0.804878049,0.56097561,0.636363636,0.805555556,0.66,0.166666667,12.5,0.777777778,0.653846154,1,0.583333333,2,2.357142857,5.44047619,369,8,2.013,0,9,7,2,1
1982,Houston Rockets,West,42.7,89.8,0.476,0.6,2.1,0.284,42.1,87.7,0.48,19.8,27.1,0.729,17.1,27.9,45,24.1,7.9,5.2,16.1,22.8,105.9,43.5,87.6,0.497,0.6,2.5,0.238,42.9,85.1,0.504,18.3,24.5,0.747,14.3,28.1,42.4,26,8.3,4.3,16.4,25,105.9,28.3,46,36,41,41,-0.04,-0.36,-0.39,108.3,108.3,0,97.2,0.302,0.024,0.52,0.479,13.7,37.8,0.22,0.5,14.3,66.1,0.209,8,0.56097561,0.609756098,0.512195122,0.583333333,0.483870968,0.489795918,0.083333333,6.25,0.488372093,0.653846154,1,1,1.166666667,1.595238095,1.845238095,495,3,1.364,0,9,3,5,0
1982,New York Knicks,East,43,87.5,0.491,0.7,2.6,0.271,42.3,84.9,0.498,19.5,26.5,0.738,14.2,27.7,42,25.3,8.8,4.1,18.1,26.8,106.2,43.2,85.6,0.505,0.6,2,0.304,42.6,83.5,0.509,21.9,28.9,0.757,13.7,28.9,42.6,25.5,8.6,4.4,17.8,24.6,108.9,28,33,49,34,48,-2.67,0.52,-2.15,106,108.6,-2.6,99.5,0.302,0.03,0.535,0.495,15.4,33.1,0.223,0.508,15.4,66.9,0.255,18,0.402439024,0.463414634,0.341463415,0.428571429,0.382352941,0.288461538,0,0,0.454545455,0.346153846,0,0,0,0.142857143,2.392857143,0,0,0,0,0,0,10,0
1982,Philadelphia 76ers,East,44.1,85,0.518,0.5,1.7,0.295,43.6,83.4,0.523,22.5,30.1,0.747,12.6,29.1,41.7,27.6,10.4,7.6,18,26.6,111.2,41.1,86.4,0.476,0.7,2.6,0.259,40.4,83.8,0.483,22.6,30.4,0.742,15.7,28.6,44.3,24,8.6,5.7,19.7,27,105.5,28.1,58,24,56,26,5.73,0,5.74,109.6,103.9,5.7,100.6,0.354,0.02,0.566,0.521,15.5,30.5,0.265,0.48,16.5,65,0.261,2,0.707317073,0.780487805,0.634146341,0.5625,0.84375,0.565217391,1,50,0.681818182,0.666666667,1,0.75,2.166666667,3.392857143,3.392857143,585,3,0.846,0,4,8,2,1
1982,Portland Trail Blazers,West,44.3,87.6,0.505,0.4,1.7,0.207,43.9,85.9,0.511,21,29.1,0.72,13.9,28.7,42.6,25,8.6,4.5,17,24.5,109.8,44.4,88.9,0.499,0.7,2.5,0.262,43.7,86.4,0.506,19.9,26.2,0.758,14.9,28.9,43.8,25.8,8.6,5.2,17.7,26.1,109.2,24.7,42,40,43,39,0.6,-0.21,0.39,108.8,108.2,0.6,100.5,0.332,0.019,0.547,0.507,14.4,32.5,0.239,0.502,15,65.9,0.223,14,0.512195122,0.658536585,0.365853659,0.4,0.542857143,0.392156863,0,0,0.56097561,0.481481481,0,0.083333333,0.25,1.392857143,1.392857143,0,0,0,0,0,0,8,0
1982,Milwaukee Bucks,East,43.2,85.5,0.505,0.6,2,0.299,42.6,83.5,0.51,21.4,28.4,0.753,14.2,29.5,43.7,27.2,9.3,5.5,19.4,27.8,108.4,40.2,86.2,0.467,0.7,2.7,0.254,39.5,83.4,0.474,21.8,30.1,0.725,14.3,26.3,40.6,24.6,8.8,4.3,18.8,26.7,102.9,27.3,55,27,55,27,5.48,-0.1,5.38,107.7,102.3,5.4,100,0.332,0.023,0.553,0.509,16.5,35.1,0.25,0.471,15.9,67.3,0.253,4,0.670731707,0.756097561,0.585365854,0.4,0.789473684,0.568181818,0.166666667,12.5,0.674418605,0.641509434,1,0.25,0.5,0.94047619,2.523809524,183,1,0.637,0,3,0,3,1
1982,Kansas City Kings,West,44,88.8,0.495,0.3,1.6,0.2,43.6,87.2,0.5,18.9,26.3,0.719,13.2,27.8,41,25.1,9.1,4.9,18.4,28.8,107.1,42.6,85.2,0.5,0.6,1.9,0.304,42,83.2,0.505,24.5,32.4,0.756,14.3,31.1,45.4,22.6,8.6,5.5,19.6,26,110.2,24,30,52,33,49,-3.1,-0.15,-3.25,104.2,107.2,-3,101.8,0.296,0.018,0.533,0.497,15.5,29.9,0.213,0.504,16.5,66,0.287,19,0.365853659,0.56097561,0.170731707,0.666666667,0.285714286,0.290909091,0,0,0.325581395,0.358490566,0,0.583333333,0.75,0.75,0.75,0,0,0,0,0,0,9,0
1982,New Jersey Nets,East,42.7,88.1,0.484,0.4,1.8,0.205,42.3,86.4,0.49,20.9,28.7,0.728,14.6,28.3,42.9,25.6,11.2,5.9,20.1,28,106.7,40.8,84.6,0.482,0.7,2.3,0.31,40.1,82.3,0.487,23.7,31.7,0.749,13.9,28.6,42.5,23.5,10.1,6.6,22.1,26.4,106,25.1,44,38,43,39,0.68,0.18,0.87,103,102.3,0.7,103.1,0.326,0.02,0.529,0.487,16.6,33.7,0.237,0.486,18.3,67,0.281,11,0.536585366,0.609756098,0.463414634,0.428571429,0.525,0.431818182,0,6.25,0.441860465,0.622641509,1,0,0,0,0,72,0,0,0,0,0,4,0
1982,San Antonio Spurs,West,45.1,92.8,0.486,0.8,3.1,0.254,44.3,89.8,0.494,22.1,28.5,0.776,15.3,30.9,46.2,27.5,7.3,6.8,15.8,27,113.1,43.5,90.1,0.483,0.7,2.4,0.291,42.8,87.6,0.488,23.1,30.5,0.758,14,29.7,43.7,24.8,7.5,5.2,16.5,26.6,110.8,26.1,48,34,47,35,2.3,-0.52,1.79,109.9,107.6,2.3,102.5,0.307,0.033,0.537,0.49,13,34,0.238,0.487,13.7,68.8,0.256,6,0.585365854,0.707317073,0.463414634,0.571428571,0.615384615,0.510204082,0.333333333,25,0.666666667,0.537037037,1,0.25,0.916666667,1.05952381,1.05952381,223,1,0.713,0,5,1,3,1
1982,Indiana Pacers,East,40.6,87.4,0.465,1.3,3.9,0.326,39.4,83.5,0.472,19.7,26.5,0.741,13.9,28.9,42.8,23.1,9.2,6,17,24.9,102.2,42.3,86.1,0.491,0.4,2.2,0.186,41.9,83.9,0.499,19,26,0.73,14.7,31.7,46.4,25,8.3,4.8,18.5,24.6,104,27,35,47,36,46,-1.87,0.38,-1.49,102.7,104.6,-1.9,98.7,0.304,0.044,0.516,0.472,14.6,30.5,0.225,0.494,15.9,66.3,0.221,16,0.426829268,0.609756098,0.243902439,0.625,0.375,0.294117647,0,0,0.441860465,0.365384615,0,0,0,0,0,0,0,0,0,0,0,8,0
1982,Los Angeles Lakers,West,47.8,92.5,0.517,0.2,1.1,0.138,47.6,91.4,0.521,18.9,26.4,0.717,15.3,30.5,45.9,28.7,10.3,6.3,17.9,24.4,114.6,45.7,93.6,0.488,1,2.6,0.366,44.7,91,0.491,17.5,24.5,0.714,15.5,27.5,43,28.3,8.8,5.3,18.1,24.4,109.8,26.8,57,25,53,29,4.87,-0.5,4.37,110.2,105.5,4.7,103.1,0.285,0.012,0.551,0.518,14.7,35.8,0.204,0.493,14.8,66.3,0.187,3,0.695121951,0.731707317,0.658536585,0.65,0.818181818,0.647058824,1,100,0.720930233,0.647058824,1,0.083333333,1.333333333,1.69047619,3.523809524,309,8,6.965,0,13,14,1,1
1982,Detroit Pistons,East,43.4,90.1,0.482,0.6,2.6,0.244,42.8,87.5,0.489,23.6,31.5,0.751,15.8,28.6,44.4,24.7,9,6.9,19.9,26.3,111.1,45.7,89.8,0.509,0.5,2.1,0.234,45.2,87.6,0.516,20.1,27,0.745,14.1,29.7,43.8,26.7,9.5,7.1,20,29.1,112,24.4,39,43,39,43,-0.91,0.28,-0.63,105.8,106.6,-0.8,104.3,0.349,0.029,0.534,0.485,16,34.8,0.262,0.512,16.4,66.9,0.224,15,0.475609756,0.56097561,0.390243902,0.5,0.387096774,0.34,0,0,0.409090909,0.5,0,0,0,0.404761905,0.738095238,0,0,0,0,0,0,7,0
1982,Golden State Warriors,West,44.5,89.6,0.496,1.1,4,0.28,43.4,85.7,0.506,20.8,29,0.717,15.6,29.9,45.5,22.2,8.4,4.8,17.4,27.1,110.9,43.4,88.4,0.49,0.5,2.1,0.233,42.9,86.3,0.497,22.6,30.1,0.753,13.6,29.4,42.9,25.4,8.1,4.8,16.7,26.3,109.8,25.1,45,37,44,38,1.04,-0.24,0.8,108.8,107.7,1.1,101.4,0.324,0.044,0.541,0.502,14.5,34.8,0.233,0.493,14.1,68.8,0.256,10,0.548780488,0.682926829,0.414634146,0.588235294,0.513513514,0.450980392,0,0,0.56097561,0.537037037,0,0,0,0.94047619,2.44047619,0,0,0,0,0,0,7,0
1982,San Diego Clippers,West,43.3,86.6,0.5,1.2,4.1,0.293,42.1,82.5,0.511,20.6,28.5,0.723,13.8,26.8,40.6,22.9,7.8,3.6,19.1,28.7,108.5,45.6,86.6,0.526,0.4,1.8,0.247,45.2,84.9,0.532,24.2,32.3,0.751,12.6,27.8,40.4,26,9.4,5.9,16.3,25.9,115.9,25.4,17,65,23,59,-7.39,0.34,-7.05,106.6,113.8,-7.2,101.4,0.33,0.048,0.547,0.507,16.2,33.2,0.238,0.529,13.9,68,0.28,22,0.207317073,0.268292683,0.146341463,0.285714286,0.108108108,0.192982456,0,0,0.302325581,0.185185185,0,0,0,0,0,0,0,0,0,0,0,12,0
1982,Atlanta Hawks,East,39.1,82.6,0.474,0.3,1.6,0.219,38.8,81.1,0.479,22.4,29.1,0.768,13.8,28.9,42.7,22.1,7.4,5.9,16.4,27.7,101,38.4,81.8,0.47,0.6,2.3,0.247,37.9,79.5,0.476,23.1,30.3,0.762,13.8,29.1,43,22.8,7,5.3,17.6,26.6,100.5,26.5,42,40,43,39,0.54,0.27,0.81,105.1,104.6,0.5,95.1,0.352,0.019,0.529,0.476,14.6,32.2,0.271,0.473,15.6,67.6,0.282,13,0.512195122,0.585365854,0.43902439,0.4375,0.64516129,0.444444444,0,6.25,0.463414634,0.555555556,1,0,0.5,0.5,0.833333333,106,0,0.012,0,1,4,6,0
1982,Cleveland Cavaliers,East,41.5,89.4,0.464,0.3,1.7,0.182,41.2,87.8,0.47,19.9,26.6,0.747,14.5,26.5,41,22.8,7.7,4.4,16.1,26.7,103.2,44,85.9,0.512,0.5,1.6,0.298,43.5,84.3,0.516,23.2,30.8,0.754,13.7,30.8,44.6,26.5,8,5.9,17.1,25.3,111.7,26.1,15,67,20,62,-8.51,0.74,-7.77,103.3,111.8,-8.5,99.3,0.297,0.019,0.51,0.466,13.7,32,0.222,0.515,14.7,65.9,0.271,23,0.182926829,0.219512195,0.146341463,0.235294118,0.054054054,0.12,0,0,0.19047619,0.169811321,0,0,0,0.571428571,0.571428571,0,0,0,0,0,0,11,0
1982,Washington Bullets,East,41.5,87.4,0.474,0.7,2.9,0.25,40.7,84.5,0.482,19.8,25.7,0.772,12.8,31.5,44.3,24.2,7.8,4.8,17,25.3,103.5,41,88.2,0.465,0.5,2.2,0.24,40.5,85.9,0.471,20.1,27.3,0.735,13.5,30.7,44.2,23,7.6,6.6,16.2,23.3,102.6,26,43,39,43,39,0.88,0.19,1.06,103.3,102.5,0.8,99.4,0.294,0.033,0.524,0.478,14.7,29.4,0.227,0.468,13.9,69.9,0.228,12,0.524390244,0.536585366,0.512195122,0.5,0.607142857,0.311111111,0.25,12.5,0.523809524,0.574074074,1,0,0.75,2.285714286,2.952380952,183,4,0.125,0,4,0,5,0
1982,Chicago Bulls,East,41.1,82,0.501,0.7,2.6,0.254,40.4,79.5,0.509,23.8,31,0.767,13.7,30.8,44.5,24.9,7.1,5.9,20,24.5,106.6,44.6,90.1,0.495,0.7,2.4,0.299,43.9,87.7,0.501,18.7,25,0.747,13.8,27.1,41,24.9,9.8,5.7,15.3,27.1,108.6,26.5,34,48,36,46,-2.02,0.45,-1.57,106.6,108.6,-2,99,0.378,0.032,0.557,0.505,17.3,33.6,0.29,0.499,13.2,69,0.207,17,0.414634146,0.536585366,0.292682927,0.318181818,0.388888889,0.352941176,0,0,0.418604651,0.423076923,0,0.166666667,0.166666667,0.238095238,1.404761905,0,0,0,0,0,0,9,0
1982,Seattle SuperSonics,West,42.7,87.5,0.488,0.5,1.9,0.248,42.3,85.7,0.494,21.3,28.8,0.74,13.5,31,44.5,25.6,8.4,5.6,16.5,25.1,107.3,41.6,90.3,0.461,0.6,2.5,0.239,41,87.9,0.467,19.3,26.6,0.727,15.1,29.5,44.6,24.3,8,3.8,17.1,26.2,103.1,26.4,52,30,52,30,4.13,-0.45,3.69,106.4,102.3,4.1,100,0.329,0.021,0.535,0.491,14.1,31.3,0.243,0.464,14.4,67.2,0.214,5,0.634146341,0.756097561,0.512195122,0.6,0.702702703,0.549019608,0.25,12.5,0.69047619,0.62962963,1,0,1.583333333,2.678571429,3.011904762,396,8,0.08,0,2,1,2,1
1982,Boston Celtics,East,44.6,89.4,0.499,0.6,2.2,0.266,44,87.2,0.505,22.2,30,0.74,15.3,30.4,45.6,25.9,8,6.9,17.7,24.6,112,42.6,90.6,0.47,0.5,2.5,0.192,42.1,88.1,0.478,20,26.5,0.754,14.5,27.4,42,24,8.3,4.5,17.5,27.3,105.6,27.3,63,19,57,25,6.38,-0.03,6.35,109.8,103.5,6.3,101.5,0.335,0.025,0.545,0.502,14.7,35.8,0.248,0.472,14.6,67.6,0.22,1,0.768292683,0.853658537,0.682926829,0.764705882,0.783783784,0.673913043,0.583333333,25,0.744186047,0.773584906,1,1,1.416666667,2.773809524,5.273809524,267,10,1.234,0,7,1,1,1
1982,Dallas Mavericks,West,41.3,88.1,0.469,0.7,2.3,0.289,40.7,85.8,0.474,21.2,28.9,0.735,14.8,27.2,42,25.8,6.9,3.8,16.1,26.7,104.6,43,84.8,0.508,0.4,1.7,0.225,42.7,83.1,0.513,22.5,30.4,0.741,13.5,28.8,42.3,24.2,7.8,6.2,16.7,27.4,109,24.4,28,54,29,53,-4.43,-0.06,-4.48,105.9,110.4,-4.5,98.5,0.328,0.026,0.519,0.473,13.7,33.9,0.241,0.51,14.5,66.8,0.266,20,0.341463415,0.390243902,0.292682927,0.529411765,0.225806452,0.272727273,0,0,0.30952381,0.396226415,0,0,0,0,0,0,0,0,0,0,0,10,0
1982,Phoenix Suns,West,42.8,87.1,0.491,0.7,2.1,0.31,42.1,85,0.496,19.9,26.3,0.758,13.7,30.7,44.4,27.1,9.2,5.2,18.6,24.7,106.2,40.9,87.6,0.466,0.6,2.4,0.255,40.2,85.2,0.472,20.4,27,0.754,14.1,28.9,43,23.8,9.5,4.4,17,25.2,102.7,26.4,46,36,50,32,3.45,-0.4,3.05,105.8,102.4,3.4,99.5,0.302,0.024,0.538,0.495,15.9,32.2,0.229,0.47,14.6,68.5,0.233,9,0.56097561,0.756097561,0.365853659,0.5,0.705882353,0.470588235,0.166666667,12.5,0.585365854,0.547169811,1,0.25,1.25,2.083333333,2.083333333,282,1,0.129,0,5,4,6,0
1982,Denver Nuggets,West,48.5,93.4,0.52,0.5,1.8,0.268,48,91.5,0.525,28.9,36.3,0.796,14,29.8,43.8,27.7,8.1,4.5,17.9,26,126.5,52,99.3,0.524,0.8,2.8,0.282,51.2,96.5,0.531,21.1,28.7,0.737,16.6,30,46.5,30.7,9.1,6.9,18,29.9,126,27,46,36,42,40,0.52,-0.4,0.13,114.3,113.9,0.4,109.8,0.389,0.019,0.578,0.522,14.1,31.8,0.31,0.528,13.9,64.3,0.213,7,0.56097561,0.707317073,0.414634146,0.583333333,0.578947368,0.489795918,0.083333333,6.25,0.534883721,0.603773585,1,0,0.083333333,0.654761905,0.654761905,170,1,0.153,0,2,0,4,0
1982,Utah Jazz,West,44.9,90.8,0.494,0.3,1.2,0.227,44.6,89.6,0.498,20.9,27.8,0.751,14,28.8,42.8,23.1,8.5,4.4,17.5,26.8,110.9,46.8,91.8,0.509,0.6,2.4,0.255,46.1,89.4,0.516,22.4,30.1,0.745,15.3,31.7,47,26.2,8.1,5.1,17.2,25,116.6,24.9,25,57,27,55,-5.66,0.03,-5.63,106.2,111.7,-5.5,103.9,0.306,0.013,0.538,0.496,14.5,30.6,0.23,0.513,14.1,65.3,0.244,21,0.304878049,0.43902439,0.170731707,0.3,0.195121951,0.218181818,0,0,0.30952381,0.283018868,0,0,0,0,0,0,0,0,0,0,0,11,0
1981,Atlanta Hawks,East,40.1,83.7,0.479,0.1,1,0.122,40,82.7,0.484,24.5,31.6,0.777,14.6,27.1,41.8,22.5,9.1,5.7,19.6,27.8,104.9,41.5,83.7,0.495,0.4,1.9,0.211,41.1,81.9,0.502,24.7,32.2,0.766,14.7,28.3,43,23.6,9.1,6.8,20.5,26.9,108,26.8,31,51,33,49,-3.1,0.73,-2.37,104.3,107.3,-3,99.4,0.377,0.012,0.537,0.48,16.7,34.1,0.293,0.498,17.3,64.8,0.295,18,0.37804878,0.487804878,0.268292683,0.28,0.333333333,0.25,0,0,0.358490566,0.302325581,0,0.083333333,0.5,0.5,0.916666667,0,0,0,0,0,0,8,0
1981,Washington Bullets,East,43.3,91.7,0.472,0.8,2.9,0.27,42.5,88.7,0.479,18.3,25.3,0.723,14.1,30.9,45,26.2,7.8,4.8,17.3,23.1,105.6,42.9,91.4,0.47,0.5,2.1,0.21,42.5,89.2,0.476,19.4,26.4,0.735,14.7,32.2,46.9,25.1,9,5.7,17.2,23,105.6,28.6,39,43,41,41,0.01,0.41,0.42,102.7,102.7,0,102.4,0.276,0.032,0.514,0.476,14.4,30.5,0.199,0.472,14.3,67.8,0.212,14,0.475609756,0.634146341,0.317073171,0.272727273,0.549019608,0.279069767,0,0,0.481481481,0.522727273,0,0,1.75,2.952380952,2.952380952,0,0,0,0,0,0,7,0
1981,New York Knicks,East,42.7,88.5,0.483,0.7,2.9,0.237,42.1,85.6,0.491,21.7,29.1,0.747,13.9,26.9,40.8,24.1,10.5,3.8,17.8,23.4,107.9,43.4,86.5,0.501,0.5,2.1,0.25,42.8,84.4,0.508,19.1,25.4,0.751,14,30,44,25.5,8.4,5.5,20.2,24.3,106.3,25.1,50,32,45,37,1.62,0.38,2,106,104.4,1.6,101,0.329,0.033,0.533,0.487,15,31.6,0.246,0.504,17.2,65.8,0.22,7,0.609756098,0.682926829,0.536585366,0.772727273,0.59375,0.378378378,0,6.25,0.58490566,0.568181818,1,0,0.142857143,0.226190476,2.976190476,65,0,0.004,0,0,0,4,0
1981,Kansas City Kings,West,43.6,87.2,0.5,0.6,2,0.292,43,85.2,0.505,19.2,26.9,0.714,12.6,29.9,42.5,27.7,8.8,4.7,17.7,25.5,106.9,41.8,86.8,0.481,0.4,1.9,0.203,41.4,84.9,0.487,23,30.5,0.756,13.9,30.6,44.5,22.6,8.7,4.7,18.5,24.6,106.9,26.2,40,42,41,41,0.01,-0.51,-0.49,104.7,104.7,0,101.3,0.308,0.023,0.54,0.503,15.1,29.2,0.22,0.483,15.6,68.3,0.265,12,0.487804878,0.585365854,0.390243902,0.523809524,0.448275862,0.333333333,0.583333333,25,0.444444444,0.56097561,1,0.083333333,0.166666667,0.166666667,0.166666667,81,0,0.026,0,1,1,6,0
1981,Utah Jazz,West,40.6,83.2,0.488,0.5,2,0.258,40.1,81.2,0.494,19.5,25.4,0.767,11.7,28.4,40.1,23.8,7.8,4.7,17.4,25.7,101.2,41.8,85.6,0.489,0.5,1.8,0.306,41.3,83.8,0.493,22.9,30.1,0.76,14.1,29.8,43.8,24.2,7.3,5,15.9,22.6,107.1,25.3,28,54,26,56,-5.89,-0.1,-5.99,103.4,109.4,-6,97.7,0.305,0.024,0.536,0.491,15.5,28.3,0.234,0.492,13.8,66.8,0.268,20,0.341463415,0.487804878,0.195121951,0.647058824,0.184210526,0.242424242,0,0,0.418181818,0.279069767,0,0,0,0,0,0,0,0,0,0,0,11,0
1981,Detroit Pistons,East,39.5,85.2,0.463,0.2,1,0.155,39.3,84.2,0.467,20.6,28.4,0.725,14.6,25.7,40.4,22.2,10.8,6,21.5,25.9,99.7,42.7,83.8,0.509,0.4,1.5,0.244,42.3,82.2,0.514,20.3,27,0.75,13.3,29.2,42.5,24.8,9.7,7.1,21.9,25.5,106,24.3,21,61,24,58,-6.32,0.74,-5.58,98.1,104.3,-6.2,101.2,0.334,0.012,0.51,0.464,18,33.4,0.242,0.512,18.6,65.9,0.242,22,0.256097561,0.341463415,0.170731707,0.380952381,0.181818182,0.166666667,0,0,0.236363636,0.255813953,0,0,0,0.488095238,0.738095238,0,0,0,0,0,0,11,0
1981,Seattle SuperSonics,West,40.8,87.1,0.468,0.4,1.4,0.274,40.4,85.7,0.471,22.1,29,0.763,14.2,29.7,43.9,23.7,7.7,5.3,18.6,24.2,104,42.1,90.5,0.465,0.5,1.9,0.268,41.6,88.6,0.47,21,28.3,0.74,15.2,28.7,44,24.9,9.1,4.7,16.4,24.9,105.7,26.8,34,48,37,45,-1.65,-0.2,-1.84,103.2,104.8,-1.6,100.3,0.333,0.016,0.521,0.47,15.7,33.1,0.254,0.468,13.8,66.1,0.232,17,0.414634146,0.536585366,0.292682927,0.526315789,0.35483871,0.257142857,0,0,0.403846154,0.386363636,0,0.583333333,2.511904762,3.011904762,3.011904762,0,0,0,0,0,0,10,0
1981,Cleveland Cavaliers,East,43.4,92.8,0.467,0.9,3,0.289,42.5,89.8,0.473,18.1,23.3,0.778,15.3,27.4,42.7,24.5,7.7,3.9,17,24.3,105.7,44,87.5,0.503,0.6,2,0.31,43.4,85.4,0.508,22,29.2,0.752,14.1,30.5,44.6,26.4,8.3,5.5,18,23.9,110.6,25.7,28,54,29,53,-4.85,0.7,-4.15,104.3,109.1,-4.8,100.8,0.251,0.033,0.513,0.472,14.2,33.5,0.195,0.507,15.2,66,0.251,19,0.341463415,0.487804878,0.195121951,0.4375,0.307692308,0.166666667,0,0,0.407407407,0.357142857,0,0,0,0.571428571,0.571428571,0,0,0,0,0,0,9,0
1981,San Diego Clippers,West,42.4,88.8,0.477,1.6,5,0.324,40.8,83.9,0.486,20.1,27.4,0.735,14.3,26.1,40.4,25.6,9.3,3.6,17.2,25.3,106.5,42.8,84.8,0.505,0.4,1.9,0.216,42.4,82.9,0.511,22.2,29.7,0.747,13.3,29,42.3,25.6,8.3,4.8,18.9,24.5,108.1,27.6,36,46,37,45,-1.59,-0.2,-1.78,106,107.6,-1.6,100.2,0.308,0.056,0.528,0.486,14.5,33,0.227,0.507,16.2,66.3,0.262,16,0.43902439,0.536585366,0.341463415,0.333333333,0.444444444,0.228571429,0,0,0.433962264,0.418604651,0,0,0,0,0,0,0,0,0,0,0,9,0
1981,Houston Rockets,West,43.6,89.5,0.487,0.3,1.4,0.178,43.3,88,0.492,20.9,27.1,0.77,14.8,28.6,43.5,25.6,8.6,4.8,17.7,23.2,108.3,44.1,89.5,0.493,0.6,2.1,0.287,43.5,87.4,0.498,19.1,25.7,0.744,14.4,28.9,43.2,26.7,8.4,4.5,17.4,24.1,107.9,26.8,40,42,42,40,0.33,-0.53,-0.2,107,106.7,0.3,100.5,0.303,0.016,0.534,0.489,14.9,33.9,0.233,0.496,14.7,66.6,0.214,11,0.487804878,0.609756098,0.365853659,0.461538462,0.5,0.333333333,1,50,0.452830189,0.545454545,1,0.166666667,0.166666667,0.845238095,0.845238095,265,2,0.533,0,2,1,5,0
1981,Boston Celtics,East,43.7,86.6,0.504,0.8,2.9,0.27,42.9,83.6,0.513,21.7,28.9,0.752,14.1,29.6,43.6,26.9,8.3,7.2,19.2,24.3,109.9,41.1,89,0.462,0.4,1.7,0.216,40.8,87.3,0.467,21.4,27.8,0.769,14.5,26.5,41,23,9,4.3,18,25.1,104,27,62,20,56,26,5.88,0.17,6.05,108.4,102.6,5.8,100.8,0.334,0.034,0.553,0.509,16.2,34.7,0.251,0.464,15.1,67,0.24,1,0.756097561,0.853658537,0.658536585,0.647058824,0.763157895,0.710526316,1,100,0.811320755,0.733333333,1,0.416666667,0.416666667,2.273809524,4.273809524,107,0,0.498,0,5,1,1,1
1981,Portland Trail Blazers,West,45.6,91.9,0.496,0.3,1.8,0.169,45.3,90.1,0.503,19.2,26.7,0.718,15.2,29.1,44.3,27.4,9.4,5.9,18.5,24.8,110.7,43.7,89.6,0.488,0.4,1.8,0.228,43.3,87.8,0.493,22,29,0.759,15.2,29.5,44.7,25.7,9.8,5.1,19.2,23.6,109.8,25.7,45,37,43,39,0.89,-0.37,0.52,106.5,105.7,0.8,103,0.291,0.02,0.534,0.498,15.2,33.9,0.209,0.49,15.8,65.7,0.246,9,0.548780488,0.731707317,0.365853659,0.555555556,0.484848485,0.482758621,0.083333333,6.25,0.5,0.595238095,1,0.083333333,0.30952381,1.30952381,1.30952381,166,2,0,0,0,2,4,0
1981,Los Angeles Lakers,West,46.1,90,0.512,0.2,1.1,0.181,45.9,88.9,0.516,18.8,25.8,0.729,14.2,30.4,44.6,28.8,9.9,6.7,19,23.8,111.2,43.7,93.9,0.465,0.5,2.2,0.228,43.2,91.7,0.471,19.5,26.3,0.741,16.8,27.7,44.5,27.8,9.2,4.4,18,22.8,107.3,27,54,28,51,31,3.84,-0.57,3.27,107.6,103.9,3.7,102.7,0.286,0.013,0.548,0.513,15.8,33.9,0.209,0.468,14.6,64.4,0.208,5,0.658536585,0.731707317,0.585365854,0.5,0.678571429,0.448275862,0.083333333,6.25,0.666666667,0.682926829,1,1,1.321428571,1.607142857,3.857142857,304,10,5.009,0,10,13,2,1
1981,Dallas Mavericks,West,39.1,84.5,0.462,0.6,2,0.279,38.5,82.5,0.467,22.8,30.3,0.751,13.5,26.5,40.1,24.2,6.8,2.6,17.5,24.5,101.5,44.2,86.1,0.513,0.4,1.7,0.263,43.7,84.4,0.518,21.1,28,0.754,14.3,30.5,44.8,25.6,8.7,5.9,17.5,26.7,109.9,24.8,15,67,20,62,-8.4,0.07,-8.33,102.4,110.8,-8.4,98.6,0.359,0.024,0.519,0.466,15.2,30.7,0.27,0.516,15.1,65,0.245,23,0.182926829,0.268292683,0.097560976,0.333333333,0.102564103,0.151515152,0,0,0.150943396,0.243902439,0,0,0,0,0,0,0,0,0,0,0,12,0
1981,Phoenix Suns,West,43.7,89.3,0.49,0.4,2,0.217,43.3,87.4,0.496,22.1,29.6,0.745,15,30.4,45.4,26.9,10.7,5.1,21.1,24.3,110,41.1,88.1,0.466,0.8,2.5,0.33,40.2,85.5,0.47,21.5,29.1,0.739,14.1,27.9,42,24,11.1,4.9,21.4,25.8,104.5,25.7,57,25,55,27,5.51,-0.68,4.83,104.6,99.4,5.2,104.7,0.332,0.022,0.537,0.492,17.1,35.1,0.247,0.471,17.5,68.2,0.244,4,0.695121951,0.87804878,0.512195122,0.692307692,0.782608696,0.551724138,0.25,12.5,0.719298246,0.609756098,1,0.25,1,1.833333333,1.833333333,225,1,0.044,0,4,2,1,1
1981,Indiana Pacers,East,42.6,88.4,0.482,0.4,2.1,0.178,42.2,86.3,0.489,22.1,31,0.715,16.2,27.6,43.8,25.5,10.2,5.9,18.2,24.5,107.6,42.2,86.2,0.489,0.5,2.2,0.229,41.7,84,0.496,21.4,27.9,0.767,15.2,29.4,44.5,25.8,8.5,5.4,20.2,25.2,106.2,26,44,38,45,37,1.4,0.32,1.72,106.4,105,1.4,100.9,0.351,0.023,0.528,0.484,15.1,35.5,0.251,0.492,17,64.5,0.248,10,0.536585366,0.658536585,0.414634146,0.315789474,0.53125,0.361111111,0,6.25,0.574074074,0.534883721,1,0,0,0,0,228,4,0.095,0,2,4,6,0
1981,Denver Nuggets,West,46.1,97.1,0.475,0.4,1.8,0.207,45.8,95.3,0.48,29.1,37.2,0.783,16.2,30.5,46.6,24.8,8.8,4.6,17.6,25.7,121.8,49.5,97.8,0.506,0.5,2,0.272,49,95.8,0.511,22.7,30.6,0.743,16.1,32.7,48.8,30.8,8.6,6.7,19,29.1,122.3,26.8,37,45,40,42,-0.48,-0.47,-0.95,109.4,109.8,-0.4,109.8,0.383,0.018,0.537,0.477,13.4,33.1,0.3,0.509,14.6,65.4,0.232,15,0.451219512,0.56097561,0.341463415,0.44,0.551724138,0.363636364,0,0,0.384615385,0.533333333,0,0,0.511904762,0.654761905,0.654761905,0,0,0,0,0,0,8,0
1981,Philadelphia 76ers,East,44.3,86.3,0.514,0.2,1,0.226,44.1,85.2,0.518,22.7,29.6,0.768,13.3,31.9,45.2,28.9,10.5,7.2,20.8,25.1,111.7,40.3,89.5,0.451,0.6,2.4,0.24,39.7,87,0.457,22.6,30.3,0.744,15.7,27.9,43.6,24.8,10,4.6,20,24.9,103.8,27.2,62,20,60,22,7.85,-0.09,7.76,107,99.5,7.5,103.4,0.343,0.012,0.562,0.515,17.3,32.3,0.264,0.454,16.3,67.1,0.252,2,0.756097561,0.902439024,0.609756098,0.615384615,0.844444444,0.621621622,0.75,25,0.814814815,0.69047619,1,1,1.845238095,2.642857143,2.892857143,435,3,0.178,0,3,6,2,1
1981,New Jersey Nets,East,42.4,89.2,0.475,0.4,1.7,0.246,42,87.5,0.48,21.7,28.9,0.751,13.3,29,42.3,25.2,9.1,5.6,20.3,26.9,106.9,44,87.3,0.505,0.3,1.6,0.215,43.7,85.7,0.51,24.5,32.5,0.755,12.9,30.5,43.4,26.1,9.9,6.1,20,25.5,113,25.2,24,58,26,56,-6.02,0.87,-5.15,101,106.7,-5.7,105.2,0.324,0.019,0.525,0.478,16.6,30.4,0.243,0.506,16.4,69.2,0.281,21,0.292682927,0.390243902,0.195121951,0.529411765,0.219512195,0.186046512,0,0,0.267857143,0.285714286,0,0,0,0,0,0,0,0,0,0,0,10,0
1981,Golden State Warriors,West,43.4,88.8,0.489,0.7,2.6,0.286,42.7,86.3,0.495,22.3,30.6,0.727,17.1,28.9,46,24.7,7.5,3.7,18.9,26.3,109.8,44.3,87.9,0.504,0.5,2,0.231,43.8,85.9,0.51,22,29.4,0.748,13.9,27,40.8,27.1,8.7,4.7,16.9,25.5,111,24.4,39,43,38,44,-1.18,-0.23,-1.41,108.5,109.7,-1.2,101,0.345,0.029,0.537,0.493,15.6,38.8,0.251,0.507,14.4,67.5,0.25,13,0.475609756,0.634146341,0.317073171,0.434782609,0.391304348,0.342857143,0,0,0.519230769,0.418604651,0,0,0,1.94047619,2.44047619,0,0,0,0,0,0,7,0
1981,Chicago Bulls,East,42.2,84.2,0.501,0.5,2.2,0.212,41.7,82,0.508,24.2,31.3,0.774,15,30.2,45.1,23.5,8.9,6.3,20.4,25.1,109,43,87.9,0.489,0.6,2.7,0.233,42.4,85.2,0.497,20.4,27,0.755,14,25.6,39.5,23.8,9.6,5.4,18.3,26,107,26.5,45,37,46,36,1.98,0.37,2.34,107.8,105.8,2,100.6,0.371,0.026,0.556,0.504,17.2,36.9,0.288,0.493,15.5,68.4,0.232,8,0.548780488,0.634146341,0.463414634,0.5,0.634146341,0.351351351,0.166666667,12.5,0.5,0.604651163,1,0,0,0.654761905,1.488095238,205,2,0.016,0,0,0,5,0
1981,Milwaukee Bucks,East,45.4,91.1,0.498,0.4,1.6,0.229,45,89.5,0.503,22,28.5,0.77,15.4,29.4,44.7,28.3,10.5,6.5,19.3,26.8,113.1,40.4,88,0.459,0.4,2.4,0.176,40,85.6,0.467,24.7,32.9,0.749,15.4,26.9,42.4,24.8,9,4.9,20.4,25,105.9,26.6,60,22,59,23,7.27,-0.13,7.14,108.7,101.8,6.9,103.6,0.313,0.018,0.546,0.5,15.7,36.3,0.241,0.461,16.6,65.6,0.28,3,0.731707317,0.829268293,0.634146341,0.583333333,0.8,0.594594595,0.25,12.5,0.735849057,0.744186047,1,0.25,0.607142857,0.69047619,3.273809524,168,0,0.525,0,2,2,3,1
1981,San Antonio Spurs,West,43.5,88.7,0.491,0.2,1,0.176,43.4,87.7,0.495,25,32.5,0.769,15.9,31.5,47.4,25,8.4,7.8,18.7,25.8,112.3,43.7,92.5,0.472,0.5,2,0.268,43.1,90.4,0.477,21.5,29.1,0.74,14.8,26.5,41.4,26.9,8.5,5.9,17.3,26.8,109.4,26.7,52,30,48,34,2.88,-0.7,2.18,108.5,105.7,2.8,102.9,0.367,0.012,0.545,0.492,15.4,37.5,0.282,0.475,14.1,68,0.233,6,0.634146341,0.829268293,0.43902439,0.777777778,0.567567568,0.481481481,0.25,12.5,0.62962963,0.619047619,1,0.083333333,0.80952381,0.80952381,0.80952381,186,1,0.585,0,4,0,3,1
1980,Indiana Pacers,East,44.4,93.8,0.473,1.1,3.8,0.28,43.3,89.9,0.481,21.4,28.5,0.751,17,28.4,45.4,26.2,11,6.5,18.5,24.1,111.2,45,92,0.489,0.7,2.8,0.246,44.4,89.2,0.497,21.1,28,0.756,17,31.1,48.1,28.3,9,5.7,21.4,24.7,111.9,25.3,37,45,39,43,-0.7,0.16,-0.54,105.5,106.2,-0.7,104.4,0.303,0.041,0.523,0.479,14.8,35.4,0.228,0.493,17,62.5,0.23,15,0.451219512,0.634146341,0.268292683,0.571428571,0.484848485,0.25,0,0,0.481481481,0.454545455,0,0,0,0,0,0,0,0,0,0,0,9,0
1980,Phoenix Suns,West,43.5,88.2,0.493,0.8,3.4,0.243,42.7,84.8,0.504,23.2,30.1,0.773,13.1,30,43,27.8,11.1,4.2,19.9,22.6,111.1,43.5,91.2,0.476,1.2,3.6,0.337,42.2,87.6,0.482,19.4,25.8,0.752,14.8,29.8,44.7,24.7,10.8,4.7,20.3,25,107.5,26.5,55,27,50,32,3.6,-0.35,3.25,105.6,102.2,3.4,104.8,0.341,0.039,0.548,0.498,16.4,30.4,0.263,0.483,16.5,66.9,0.213,5,0.670731707,0.880952381,0.45,0.714285714,0.692307692,0.558823529,0.25,12.5,0.648148148,0.69047619,1,0.75,0.75,1.583333333,1.833333333,316,2,0.049,0,6,3,3,1
1980,Denver Nuggets,West,42.2,91.1,0.463,1,3.1,0.325,41.2,88,0.468,22.8,31,0.737,16,30.8,46.8,25.4,9.1,4.9,18.7,23.4,108.3,45.6,92.6,0.492,0.9,2.6,0.327,44.7,90,0.497,20.7,27.3,0.76,14.6,31.5,46.1,27.9,9.9,5.5,17.5,24.8,112.7,27.1,30,52,30,52,-4.41,0.2,-4.22,103.4,107.6,-4.2,103.9,0.34,0.034,0.517,0.469,15.1,33.6,0.25,0.497,14.4,67.8,0.224,19,0.365853659,0.585365854,0.146341463,0.416666667,0.3,0.225,0,0,0.339285714,0.380952381,0,0.083333333,0.654761905,0.654761905,0.654761905,0,0,0,0,0,0,9,0
1980,Cleveland Cavaliers,East,46.5,98.1,0.474,0.4,2.3,0.193,46,95.8,0.481,20.8,26.9,0.772,15.9,29,45,25.7,9.3,4.2,16.7,23.6,114.1,46.5,92.8,0.501,0.8,2.7,0.291,45.7,90.1,0.507,20.1,26.2,0.765,15,32.2,47.2,26.9,8.6,6,20.3,24.8,113.8,27.4,37,45,42,40,0.34,0.09,0.43,106.7,106.4,0.3,105.6,0.274,0.023,0.519,0.476,13.2,33.1,0.212,0.505,16.3,65.9,0.216,14,0.451219512,0.682926829,0.219512195,0.380952381,0.545454545,0.375,0,0,0.418181818,0.418604651,0,0,0.071428571,0.571428571,0.571428571,0,0,0,0,0,0,8,0
1980,Washington Bullets,East,43.6,95.1,0.458,0.9,2.9,0.307,42.7,92.2,0.463,18.9,25,0.758,16.3,33.2,49.5,26.8,6.5,5.4,16.8,23.1,107,44.1,94.8,0.465,0.7,2.6,0.262,43.4,92.2,0.471,20.7,26.6,0.777,14.6,32.6,47.2,25.9,9,6.3,14.9,23.2,109.5,29,39,43,34,48,-2.55,0.28,-2.27,103.2,105.7,-2.5,102.6,0.263,0.031,0.504,0.463,13.7,33.3,0.199,0.469,12.3,69.5,0.218,11,0.475609756,0.585365854,0.365853659,0.55,0.294117647,0.375,0,6.25,0.442307692,0.5,1,0.75,2.035714286,2.952380952,2.952380952,449,8,1.227,0,7,3,6,0
1980,Portland Trail Blazers,West,41.6,87.4,0.476,0.3,1.6,0.197,41.2,85.8,0.481,19,25.6,0.743,15.8,29.4,45.2,23.1,8.6,5.8,18.9,23.9,102.5,40.8,85.5,0.478,0.7,2.3,0.296,40.2,83.2,0.483,20.9,27.8,0.752,13.9,28.8,42.6,24.5,9.2,4.8,17.7,22.9,103.3,26.3,38,44,39,43,-0.82,-0.05,-0.87,103.4,104.3,-0.9,98.6,0.293,0.018,0.519,0.477,16.1,35.5,0.218,0.482,15.3,67.9,0.245,13,0.463414634,0.634146341,0.292682927,0.55,0.5,0.325,0.083333333,6.25,0.472727273,0.43902439,1,0.083333333,1.226190476,1.226190476,1.226190476,119,2,0,0,0,3,6,0
1980,Detroit Pistons,East,44.4,92.6,0.48,0.7,2.7,0.26,43.7,90,0.486,19.4,26.2,0.74,15,29.5,44.4,23.8,9.5,6.9,21.2,25.2,108.9,46.9,94.6,0.496,0.7,2.5,0.277,46.2,92.1,0.502,22.7,29.3,0.773,16.1,31.4,47.5,28.1,10.7,5.7,19.3,22.8,117.2,24.7,16,66,22,60,-8.24,0.67,-7.57,101.2,108.8,-7.6,107.1,0.283,0.029,0.523,0.483,16.9,32.3,0.209,0.499,15.2,64.7,0.239,22,0.195121951,0.317073171,0.073170732,0.307692308,0.127659574,0.125,0,0,0.259259259,0.139534884,0,0,0.071428571,0.738095238,0.738095238,0,0,0,0,0,0,11,0
1980,New Jersey Nets,East,42.1,91.5,0.461,1,3.6,0.285,41.1,87.9,0.468,23,29.3,0.782,15,30.9,45.9,25.5,10.6,7.1,20.8,26.6,108.3,42.4,90.6,0.469,0.7,2.5,0.279,41.7,88,0.474,23.9,31.4,0.761,15.7,31.7,47.3,26.7,10.4,6.3,20.6,24.9,109.5,26.1,34,48,38,44,-1.17,0.19,-0.98,101.5,102.5,-1,106.1,0.321,0.04,0.518,0.466,16.6,32.1,0.251,0.472,16.5,66.4,0.263,17,0.414634146,0.536585366,0.292682927,0.294117647,0.484848485,0.35,0,0,0.407407407,0.431818182,0,0,0,0,0,0,0,0,0,0,0,10,0
1980,Atlanta Hawks,East,39.8,85.7,0.464,0.2,0.9,0.173,39.6,84.8,0.467,24.9,32.3,0.771,16.7,29.3,46,23.3,9.5,6.6,18.2,28,104.5,38.3,83.8,0.458,0.6,2.2,0.251,37.8,81.6,0.463,24.4,31.9,0.765,15.4,28.5,43.9,21.4,8.3,6.8,20.2,26.5,101.6,26.1,50,32,49,33,2.91,-0.09,2.83,105.2,102.3,2.9,98.9,0.376,0.011,0.523,0.465,15.4,36.9,0.29,0.461,17.1,65.6,0.291,6,0.609756098,0.780487805,0.43902439,0.421052632,0.633333333,0.470588235,0.083333333,12.5,0.581818182,0.595238095,1,0.416666667,0.416666667,0.416666667,1.166666667,96,0,0.003,0,0,1,3,1
1980,Utah Jazz,West,41.2,83.1,0.496,0.7,2.3,0.319,40.5,80.9,0.501,19.2,23.7,0.809,11.8,28.8,40.6,24.5,8,4.4,18.8,24.5,102.4,43.4,87.6,0.496,0.8,2.6,0.318,42.6,85,0.501,20.8,26.9,0.772,14.1,27.9,42,24.4,8.7,4.9,15.5,21.7,108.4,26.1,24,58,25,57,-6.01,0.31,-5.71,104.2,110.4,-6.2,97.6,0.285,0.027,0.547,0.5,16.7,29.7,0.23,0.5,13.5,67.1,0.237,21,0.292682927,0.414634146,0.170731707,0.5,0.186046512,0.125,0,0,0.327272727,0.279069767,0,0,0,0,0,0,0,0,0,0,0,11,0
1980,Boston Celtics,East,44.1,90.1,0.49,2,5.1,0.384,42.1,84.9,0.496,23.3,29.9,0.779,15,30,44.9,26.8,9.9,3.8,18.8,24.1,113.5,41.9,89.2,0.47,0.9,3.2,0.286,41,86,0.477,20.9,27.1,0.77,14.2,28,42.2,22.8,8.4,5.1,19.9,25.1,105.7,27.3,61,21,60,22,7.79,-0.42,7.37,109.4,101.9,7.5,102.6,0.332,0.057,0.55,0.501,15.4,34.8,0.258,0.475,16.5,67.8,0.234,1,0.743902439,0.853658537,0.634146341,0.533333333,0.871794872,0.617647059,0.416666667,25,0.754716981,0.727272727,1,0,0.357142857,2.857142857,3.857142857,126,2,1.864,0,11,3,1,1
1980,San Diego Clippers,West,43,91.4,0.47,2.2,6.6,0.326,40.8,84.8,0.482,19.5,26.4,0.736,15.8,28.1,43.9,20.6,8.1,3.5,17.6,23.1,107.6,45.8,91.6,0.5,0.5,2.3,0.23,45.2,89.3,0.507,19.7,25.4,0.773,14.9,30.3,45.2,24.5,9.3,5,17,23,111.7,27.6,35,47,30,52,-4.15,0.18,-3.97,105.7,109.8,-4.1,101.4,0.289,0.072,0.522,0.482,14.6,34.2,0.213,0.503,14.2,65.4,0.215,16,0.426829268,0.585365854,0.268292683,0.294117647,0.341463415,0.325,0,0,0.49122807,0.365853659,0,0,0,0,0,0,0,0,0,0,0,7,0
1980,Los Angeles Lakers,West,47.5,89.9,0.529,0.2,1.2,0.2,47.3,88.6,0.534,19.8,25.5,0.775,13.2,32.4,45.6,29.4,9.4,6.7,20,21.8,115.1,45.4,96.6,0.47,1,3.3,0.285,44.5,93.3,0.477,17.4,23,0.759,16,27.3,43.3,28.3,9.7,4.7,17.3,22.7,109.2,26.2,60,22,55,27,5.9,-0.51,5.4,109.5,103.9,5.6,104.1,0.284,0.014,0.569,0.53,16.5,32.6,0.22,0.475,14,66.9,0.181,2,0.731707317,0.902439024,0.56097561,0.6875,0.828571429,0.647058824,1,100,0.690909091,0.780487805,1,0.25,0.607142857,0.69047619,3.773809524,189,2,4.452,0,13,10,1,1
1980,New York Knicks,East,46.4,93.6,0.496,0.5,2.3,0.22,45.9,91.2,0.503,20.7,27.7,0.747,15.1,28.1,43.2,27.6,10.7,5.6,19.7,26.4,114,45.2,91.4,0.495,0.7,2.4,0.278,44.5,89,0.501,24,31.2,0.77,15.8,29.7,45.4,26.1,9.9,4.8,20.7,24.9,115.1,24.1,39,43,38,44,-1.15,0.19,-0.96,106.5,107.5,-1,106.5,0.296,0.025,0.539,0.498,15.7,33.7,0.221,0.498,16.4,64,0.263,12,0.475609756,0.609756098,0.341463415,0.375,0.382352941,0.35,0,0,0.490909091,0.476190476,0,0,0.142857143,0.642857143,3.976190476,0,0,0,0,0,0,7,0
1980,Golden State Warriors,West,43,89.2,0.482,0.3,1.5,0.223,42.7,87.8,0.486,17.2,23.3,0.738,14.1,29.7,43.8,24.7,9.5,4.1,18.2,25.4,103.6,41.9,85.1,0.493,0.9,2.7,0.329,41,82.4,0.498,23.2,31,0.749,12.9,31.3,44.1,25.5,8.8,4.4,18.1,21.8,108,26.3,24,58,29,53,-4.39,0.2,-4.2,102,106.3,-4.3,100.5,0.262,0.017,0.52,0.484,15.5,31.1,0.193,0.498,15.5,69.8,0.273,20,0.292682927,0.365853659,0.219512195,0.125,0.371428571,0.175,0,0,0.296296296,0.272727273,0,0,0.357142857,1.94047619,2.44047619,0,0,0,0,0,0,10,0
1980,Philadelphia 76ers,East,43,87.3,0.492,0.3,1.5,0.216,42.6,85.7,0.497,22.9,29.6,0.772,14.5,32.1,46.6,27.1,9.7,8,20.8,22.7,109.1,42,92.2,0.455,0.9,3.4,0.271,41.1,88.8,0.463,20,26.2,0.765,16.1,28.7,44.8,25.5,10.7,4.7,19,25.6,104.9,27,59,23,52,30,4.22,-0.18,4.04,105,101,4,103,0.34,0.017,0.544,0.494,17.2,33.5,0.262,0.46,15.5,66.7,0.217,3,0.719512195,0.87804878,0.56097561,0.85,0.75,0.558823529,1,50,0.730769231,0.727272727,1,0.416666667,1.55952381,1.642857143,1.976190476,353,4,0.035,0,2,5,2,1
1980,San Antonio Spurs,East,47,94.4,0.498,0.6,2.5,0.252,46.4,91.9,0.505,24.7,30.8,0.801,14.1,30.7,44.7,28.4,9.4,4.1,19.4,25.6,119.4,48.8,97.5,0.5,1.1,3.5,0.306,47.7,94,0.507,21.1,27.8,0.758,15.2,30.1,45.4,30.9,10.1,5.6,18.5,26.7,119.7,26.9,41,41,40,42,-0.38,0.13,-0.24,108.6,109,-0.4,109.5,0.327,0.027,0.553,0.502,15.2,31.8,0.262,0.506,14.4,66.8,0.216,10,0.5,0.658536585,0.341463415,0.5,0.5,0.382352941,0.083333333,6.25,0.537037037,0.5,1,0.583333333,0.726190476,0.726190476,0.726190476,248,3,0.499,0,3,0,5,0
1980,Houston Rockets,East,43.9,91.4,0.48,1.3,4.6,0.274,42.6,86.8,0.491,21.7,28.4,0.766,17,27,44,26.2,9.5,4.5,19.1,23.5,110.8,44.6,90,0.496,0.7,2.6,0.27,43.9,87.4,0.502,20.7,26.3,0.788,15.7,28.3,44,27.1,9.5,5.2,19.5,25,110.6,27.3,41,41,41,41,0.17,0.1,0.27,108.1,108,0.1,101.2,0.31,0.051,0.533,0.487,15.5,37.6,0.238,0.499,16.1,63.2,0.23,9,0.5,0.707317073,0.292682927,0.681818182,0.515151515,0.352941176,0.166666667,12.5,0.471698113,0.533333333,1,0,0.428571429,0.678571429,0.678571429,304,3,1.116,0,7,1,4,0
1980,Seattle SuperSonics,West,43.3,92.3,0.47,0.7,2.3,0.312,42.6,90,0.474,21.1,27.5,0.768,16.8,31.1,47.9,24.9,9.1,5.2,18.2,22.7,108.5,41.6,90.5,0.459,0.7,2.9,0.246,40.8,87.6,0.466,20,26.2,0.764,14.7,29.4,44,24.6,8.9,4.8,18.5,24.4,103.8,27,56,26,53,29,4.66,-0.42,4.24,105.8,101.2,4.6,101.8,0.298,0.025,0.52,0.474,14.9,36.4,0.229,0.463,15.4,67.9,0.221,4,0.682926829,0.804878049,0.56097561,0.625,0.78125,0.529411765,0.583333333,25,0.703703704,0.659090909,1,1,1.928571429,2.428571429,2.428571429,465,11,0.052,0,0,6,2,1
1980,Kansas City Kings,West,43.7,91.3,0.478,0.3,1.4,0.219,43.4,89.9,0.482,20.4,27.4,0.743,14.5,29.6,44.1,25.9,10.5,4.3,17.5,26,108,40.6,85.3,0.476,0.5,2.1,0.238,40.1,83.2,0.482,23.2,30.5,0.763,13.9,32.2,46.1,21.7,8.5,5.2,21.5,25.3,104.9,25.5,47,35,49,33,3.13,-0.32,2.82,104,101,3,103.2,0.3,0.015,0.522,0.48,14.5,31,0.223,0.479,17.9,68.1,0.273,8,0.573170732,0.731707317,0.414634146,0.476190476,0.709677419,0.470588235,0.083333333,6.25,0.603448276,0.595238095,1,0.083333333,0.083333333,0.083333333,0.083333333,98,0,0.026,0,1,0,5,0
1980,Chicago Bulls,West,41,84.7,0.484,0.9,3.4,0.255,40.1,81.3,0.494,24.6,31.6,0.779,13.6,30.1,43.7,26.2,8.6,4.8,20.5,26.2,107.5,43.7,88.1,0.496,0.7,2.4,0.271,43.1,85.6,0.503,22.1,28.8,0.768,14.1,28.6,42.7,25.7,10.3,6.1,18.8,26.9,110.2,25.9,30,52,34,48,-2.71,0.08,-2.63,104.3,107,-2.7,101.8,0.373,0.04,0.545,0.489,17.2,32.2,0.291,0.5,15.7,68,0.251,18,0.365853659,0.512195122,0.219512195,0.4375,0.259259259,0.275,0,0,0.339622642,0.4,0,0,0.071428571,0.988095238,1.571428571,0,0,0,0,0,0,8,0
1980,Milwaukee Bucks,West,44.9,92.1,0.488,0.6,1.9,0.323,44.3,90.2,0.491,19.6,25.6,0.764,15.2,29.2,44.4,27.8,9.5,6.2,18.2,23.6,110.1,42.1,91.3,0.462,0.9,3.7,0.249,41.2,87.6,0.471,20.9,27.7,0.753,16.6,28,44.5,26.3,8.7,4.4,20,23.3,106.1,25.3,49,33,51,31,3.94,-0.37,3.57,106.8,102.9,3.9,102.4,0.278,0.021,0.532,0.491,15,35.2,0.212,0.467,16.2,63.8,0.229,7,0.597560976,0.7,0.5,0.565217391,0.657142857,0.411764706,0.25,12.5,0.517857143,0.642857143,1,0,0.357142857,1.357142857,3.44047619,109,0,0.525,0,1,1,4,0
